5
1905
0 0 0 0 0 0 1 4 1
0 0 1 -1 1 -1 1 4 1
0 0 1 0 1 0 1 4 1
0 0 1 1 1 1 1 4 1
0 0 2 -2 2 -2 1 4 1
0 0 2 -1 2 -1 1 4 1
0 0 2 0 2 0 1 4 1
0 0 2 1 2 1 1 4 1
0 0 2 2 2 2 1 4 1
0 0 3 -3 3 -3 1 4 1
0 0 3 -2 3 -2 1 4 1
0 0 3 -1 3 -1 1 4 1
0 0 3 0 3 0 1 4 1
0 0 3 1 3 1 1 4 1
0 0 3 2 3 2 1 4 1
0 0 3 3 3 3 1 4 1
0 0 4 -4 4 -4 1 4 1
0 0 4 -3 4 -3 1 4 1
0 0 4 -2 4 -2 1 4 1
0 0 4 -1 4 -1 1 4 1
0 0 4 0 4 0 1 4 1
0 0 4 1 4 1 1 4 1
0 0 4 2 4 2 1 4 1
0 0 4 3 4 3 1 4 1
0 0 4 4 4 4 1 4 1
0 0 5 -5 5 -5 1 4 1
0 0 5 -4 5 -4 1 4 1
0 0 5 -3 5 -3 1 4 1
0 0 5 -2 5 -2 1 4 1
0 0 5 -1 5 -1 1 4 1
0 0 5 0 5 0 1 4 1
0 0 5 1 5 1 1 4 1
0 0 5 2 5 2 1 4 1
0 0 5 3 5 3 1 4 1
0 0 5 4 5 4 1 4 1
0 0 5 5 5 5 1 4 1
1 -1 0 0 1 -1 1 4 1
1 -1 1 -1 2 -2 3 10 1
1 -1 1 0 2 -1 3 20 1
1 -1 1 1 0 0 1 4 -1
1 -1 1 1 2 0 1 20 1
1 -1 2 -2 3 -3 9 28 1
1 -1 2 -1 3 -2 3 14 1
1 -1 2 0 1 -1 1 20 -1
1 -1 2 0 3 -1 9 70 1
1 -1 2 1 1 0 3 20 -1
1 -1 2 1 3 0 9 140 1
1 -1 2 2 1 1 3 10 -1
1 -1 2 2 3 1 3 140 1
1 -1 3 -3 4 -4 1 3 1
1 -1 3 -2 4 -3 1 4 1
1 -1 3 -1 2 -2 3 140 -1
1 -1 3 -1 4 -2 5 28 1
1 -1 3 0 2 -1 9 140 -1
1 -1 3 0 4 -1 5 42 1
1 -1 3 1 2 0 9 70 -1
1 -1 3 1 4 0 1 14 1
1 -1 3 2 2 1 3 14 -1
1 -1 3 2 4 1 1 28 1
1 -1 3 3 2 2 9 28 -1
1 -1 3 3 4 2 1 84 1
1 -1 4 -4 5 -5 15 44 1
1 -1 4 -3 5 -4 3 11 1
1 -1 4 -2 3 -3 1 84 -1
1 -1 4 -2 5 -3 7 33 1
1 -1 4 -1 3 -2 1 28 -1
1 -1 4 -1 5 -2 7 44 1
1 -1 4 0 3 -1 1 14 -1
1 -1 4 0 5 -1 5 44 1
1 -1 4 1 3 0 5 42 -1
1 -1 4 1 5 0 5 66 1
1 -1 4 2 3 1 5 28 -1
1 -1 4 2 5 1 1 22 1
1 -1 4 3 3 2 1 4 -1
1 -1 4 3 5 2 1 44 1
1 -1 4 4 3 3 1 3 -1
1 -1 4 4 5 3 1 132 1
1 -1 5 -3 4 -4 1 132 -1
1 -1 5 -2 4 -3 1 44 -1
1 -1 5 -1 4 -2 1 22 -1
1 -1 5 0 4 -1 5 66 -1
1 -1 5 1 4 0 5 44 -1
1 -1 5 2 4 1 7 44 -1
1 -1 5 3 4 2 7 33 -1
1 -1 5 4 4 3 3 11 -1
1 -1 5 5 4 4 15 44 -1
1 0 0 0 1 0 1 4 1
1 0 1 -1 2 -1 3 20 1
1 0 1 0 0 0 1 4 1
1 0 1 0 2 0 1 5 1
1 0 1 1 2 1 3 20 1
1 0 2 -2 3 -2 3 28 1
1 0 2 -1 1 -1 3 20 1
1 0 2 -1 3 -1 6 35 1
1 0 2 0 1 0 1 5 1
1 0 2 0 3 0 27 140 1
1 0 2 1 1 1 3 20 1
1 0 2 1 3 1 6 35 1
1 0 2 2 3 2 3 28 1
1 0 3 -3 4 -3 1 12 1
1 0 3 -2 2 -2 3 28 1
1 0 3 -2 4 -2 1 7 1
1 0 3 -1 2 -1 6 35 1
1 0 3 -1 4 -1 5 28 1
1 0 3 0 2 0 27 140 1
1 0 3 0 4 0 4 21 1
1 0 3 1 2 1 6 35 1
1 0 3 1 4 1 5 28 1
1 0 3 2 2 2 3 28 1
1 0 3 2 4 2 1 7 1
1 0 3 3 4 3 1 12 1
1 0 4 -4 5 -4 3 44 1
1 0 4 -3 3 -3 1 12 1
1 0 4 -3 5 -3 4 33 1
1 0 4 -2 3 -2 1 7 1
1 0 4 -2 5 -2 7 44 1
1 0 4 -1 3 -1 5 28 1
1 0 4 -1 5 -1 2 11 1
1 0 4 0 3 0 4 21 1
1 0 4 0 5 0 25 132 1
1 0 4 1 3 1 5 28 1
1 0 4 1 5 1 2 11 1
1 0 4 2 3 2 1 7 1
1 0 4 2 5 2 7 44 1
1 0 4 3 3 3 1 12 1
1 0 4 3 5 3 4 33 1
1 0 4 4 5 4 3 44 1
1 0 5 -4 4 -4 3 44 1
1 0 5 -3 4 -3 4 33 1
1 0 5 -2 4 -2 7 44 1
1 0 5 -1 4 -1 2 11 1
1 0 5 0 4 0 25 132 1
1 0 5 1 4 1 2 11 1
1 0 5 2 4 2 7 44 1
1 0 5 3 4 3 4 33 1
1 0 5 4 4 4 3 44 1
1 1 0 0 1 1 1 4 1
1 1 1 -1 0 0 1 4 -1
1 1 1 -1 2 0 1 20 1
1 1 1 0 2 1 3 20 1
1 1 1 1 2 2 3 10 1
1 1 2 -2 1 -1 3 10 -1
1 1 2 -2 3 -1 3 140 1
1 1 2 -1 1 0 3 20 -1
1 1 2 -1 3 0 9 140 1
1 1 2 0 1 1 1 20 -1
1 1 2 0 3 1 9 70 1
1 1 2 1 3 2 3 14 1
1 1 2 2 3 3 9 28 1
1 1 3 -3 2 -2 9 28 -1
1 1 3 -3 4 -2 1 84 1
1 1 3 -2 2 -1 3 14 -1
1 1 3 -2 4 -1 1 28 1
1 1 3 -1 2 0 9 70 -1
1 1 3 -1 4 0 1 14 1
1 1 3 0 2 1 9 140 -1
1 1 3 0 4 1 5 42 1
1 1 3 1 2 2 3 140 -1
1 1 3 1 4 2 5 28 1
1 1 3 2 4 3 1 4 1
1 1 3 3 4 4 1 3 1
1 1 4 -4 3 -3 1 3 -1
1 1 4 -4 5 -3 1 132 1
1 1 4 -3 3 -2 1 4 -1
1 1 4 -3 5 -2 1 44 1
1 1 4 -2 3 -1 5 28 -1
1 1 4 -2 5 -1 1 22 1
1 1 4 -1 3 0 5 42 -1
1 1 4 -1 5 0 5 66 1
1 1 4 0 3 1 1 14 -1
1 1 4 0 5 1 5 44 1
1 1 4 1 3 2 1 28 -1
1 1 4 1 5 2 7 44 1
1 1 4 2 3 3 1 84 -1
1 1 4 2 5 3 7 33 1
1 1 4 3 5 4 3 11 1
1 1 4 4 5 5 15 44 1
1 1 5 -5 4 -4 15 44 -1
1 1 5 -4 4 -3 3 11 -1
1 1 5 -3 4 -2 7 33 -1
1 1 5 -2 4 -1 7 44 -1
1 1 5 -1 4 0 5 44 -1
1 1 5 0 4 1 5 66 -1
1 1 5 1 4 2 1 22 -1
1 1 5 2 4 3 1 44 -1
1 1 5 3 4 4 1 132 -1
2 -2 0 0 2 -2 1 4 1
2 -2 1 -1 3 -3 9 28 1
2 -2 1 0 3 -2 3 28 1
2 -2 1 1 1 -1 3 10 -1
2 -2 1 1 3 -1 3 140 1
2 -2 2 -2 4 -4 5 14 1
2 -2 2 -1 4 -3 5 28 1
2 -2 2 0 2 -2 5 49 -1
2 -2 2 0 4 -2 15 196 1
2 -2 2 1 2 -1 15 98 -1
2 -2 2 1 4 -1 5 196 1
2 -2 2 2 0 0 1 4 1
2 -2 2 2 2 0 5 49 -1
2 -2 2 2 4 0 1 196 1
2 -2 3 -3 5 -5 25 66 1
2 -2 3 -2 5 -4 5 22 1
2 -2 3 -1 3 -3 1 18 -1
2 -2 3 -1 5 -3 25 198 1
2 -2 3 0 3 -2 1 9 -1
2 -2 3 0 5 -2 25 396 1
2 -2 3 1 1 -1 3 140 1
2 -2 3 1 3 -1 2 15 -1
2 -2 3 1 5 -1 25 924 1
2 -2 3 2 1 0 3 28 1
2 -2 3 2 3 0 1 9 -1
2 -2 3 2 5 0 25 2772 1
2 -2 3 3 1 1 9 28 1
2 -2 3 3 3 1 1 18 -1
2 -2 3 3 5 1 5 2772 1
2 -2 4 -2 4 -4 30 847 -1
2 -2 4 -1 4 -3 135 1694 -1
2 -2 4 0 2 -2 1 196 1
2 -2 4 0 4 -2 675 5929 -1
2 -2 4 1 2 -1 5 196 1
2 -2 4 1 4 -1 750 5929 -1
2 -2 4 2 2 0 15 196 1
2 -2 4 2 4 0 675 5929 -1
2 -2 4 3 2 1 5 28 1
2 -2 4 3 4 1 135 1694 -1
2 -2 4 4 2 2 5 14 1
2 -2 4 4 4 2 30 847 -1
2 -2 5 -3 5 -5 25 1014 -1
2 -2 5 -2 5 -4 10 169 -1
2 -2 5 -1 3 -3 5 2772 1
2 -2 5 -1 5 -3 140 1521 -1
2 -2 5 0 3 -2 25 2772 1
2 -2 5 0 5 -2 175 1521 -1
2 -2 5 1 3 -1 25 924 1
2 -2 5 1 5 -1 125 1014 -1
2 -2 5 2 3 0 25 396 1
2 -2 5 2 5 0 175 1521 -1
2 -2 5 3 3 1 25 198 1
2 -2 5 3 5 1 140 1521 -1
2 -2 5 4 3 2 5 22 1
2 -2 5 4 5 2 10 169 -1
2 -2 5 5 3 3 25 66 1
2 -2 5 5 5 3 25 1014 -1
2 -1 0 0 2 -1 1 4 1
2 -1 1 -1 3 -2 3 14 1
2 -1 1 0 1 -1 3 20 1
2 -1 1 0 3 -1 6 35 1
2 -1 1 1 1 0 3 20 -1
2 -1 1 1 3 0 9 140 1
2 -1 2 -2 4 -3 5 28 1
2 -1 2 -1 2 -2 15 98 1
2 -1 2 -1 4 -2 10 49 1
2 -1 2 0 2 -1 5 196 1
2 -1 2 0 4 -1 15 98 1
2 -1 2 1 0 0 1 4 -1
2 -1 2 1 2 0 5 196 -1
2 -1 2 1 4 0 4 49 1
2 -1 2 2 2 1 15 98 -1
2 -1 2 2 4 1 5 196 1
2 -1 3 -3 5 -4 5 33 1
2 -1 3 -2 3 -3 5 36 1
2 -1 3 -2 5 -3 20 99 1
2 -1 3 -1 3 -2 1 12 1
2 -1 3 -1 5 -2 25 132 1
2 -1 3 0 1 -1 9 140 -1
2 -1 3 0 3 -1 1 90 1
2 -1 3 0 5 -1 100 693 1
2 -1 3 1 1 0 6 35 -1
2 -1 3 1 3 0 1 90 -1
2 -1 3 1 5 0 125 1386 1
2 -1 3 2 1 1 3 14 -1
2 -1 3 2 3 1 1 12 -1
2 -1 3 2 5 1 10 231 1
2 -1 3 3 3 2 5 36 -1
2 -1 3 3 5 2 5 396 1
2 -1 4 -3 4 -4 15 121 1
2 -1 4 -2 4 -3 375 3388 1
2 -1 4 -1 2 -2 5 196 -1
2 -1 4 -1 4 -2 1215 23716 1
2 -1 4 0 2 -1 4 49 -1
2 -1 4 0 4 -1 75 11858 1
2 -1 4 1 2 0 15 98 -1
2 -1 4 1 4 0 75 11858 -1
2 -1 4 2 2 1 10 49 -1
2 -1 4 2 4 1 1215 23716 -1
2 -1 4 3 2 2 5 28 -1
2 -1 4 3 4 2 375 3388 -1
2 -1 4 4 4 3 15 121 -1
2 -1 5 -4 5 -5 75 676 1
2 -1 5 -3 5 -4 245 2028 1
2 -1 5 -2 3 -3 5 396 -1
2 -1 5 -2 5 -3 125 1521 1
2 -1 5 -1 3 -2 10 231 -1
2 -1 5 -1 5 -2 35 1014 1
2 -1 5 0 3 -1 125 1386 -1
2 -1 5 0 5 -1 25 6084 1
2 -1 5 1 3 0 100 693 -1
2 -1 5 1 5 0 25 6084 -1
2 -1 5 2 3 1 25 132 -1
2 -1 5 2 5 1 35 1014 -1
2 -1 5 3 3 2 20 99 -1
2 -1 5 3 5 2 125 1521 -1
2 -1 5 4 3 3 5 33 -1
2 -1 5 4 5 3 245 2028 -1
2 -1 5 5 5 4 75 676 -1
2 0 0 0 2 0 1 4 1
2 0 1 -1 1 -1 1 20 -1
2 0 1 -1 3 -1 9 70 1
2 0 1 0 1 0 1 5 1
2 0 1 0 3 0 27 140 1
2 0 1 1 1 1 1 20 -1
2 0 1 1 3 1 9 70 1
2 0 2 -2 2 -2 5 49 -1
2 0 2 -2 4 -2 15 196 1
2 0 2 -1 2 -1 5 196 1
2 0 2 -1 4 -1 15 98 1
2 0 2 0 0 0 1 4 1
2 0 2 0 2 0 5 49 1
2 0 2 0 4 0 9 49 1
2 0 2 1 2 1 5 196 1
2 0 2 1 4 1 15 98 1
2 0 2 2 2 2 5 49 -1
2 0 2 2 4 2 15 196 1
2 0 3 -3 3 -3 5 36 -1
2 0 3 -3 5 -3 5 99 1
2 0 3 -2 5 -2 5 44 1
2 0 3 -1 1 -1 9 70 1
2 0 3 -1 3 -1 1 20 1
2 0 3 -1 5 -1 25 154 1
2 0 3 0 1 0 27 140 1
2 0 3 0 3 0 4 45 1
2 0 3 0 5 0 125 693 1
2 0 3 1 1 1 9 70 1
2 0 3 1 3 1 1 20 1
2 0 3 1 5 1 25 154 1
2 0 3 2 5 2 5 44 1
2 0 3 3 3 3 5 36 -1
2 0 3 3 5 3 5 99 1
2 0 4 -4 4 -4 20 121 -1
2 0 4 -3 4 -3 5 484 -1
2 0 4 -2 2 -2 15 196 1
2 0 4 -2 4 -2 80 5929 1
2 0 4 -1 2 -1 15 98 1
2 0 4 -1 4 -1 1445 23716 1
2 0 4 0 2 0 9 49 1
2 0 4 0 4 0 500 5929 1
2 0 4 1 2 1 15 98 1
2 0 4 1 4 1 1445 23716 1
2 0 4 2 2 2 15 196 1
2 0 4 2 4 2 80 5929 1
2 0 4 3 4 3 5 484 -1
2 0 4 4 4 4 20 121 -1
2 0 5 -5 5 -5 125 676 -1
2 0 5 -4 5 -4 5 169 -1
2 0 5 -3 3 -3 5 99 1
2 0 5 -3 5 -3 5 6084 1
2 0 5 -2 3 -2 5 44 1
2 0 5 -2 5 -2 5 169 1
2 0 5 -1 3 -1 25 154 1
2 0 5 -1 5 -1 45 676 1
2 0 5 0 3 0 125 693 1
2 0 5 0 5 0 125 1521 1
2 0 5 1 3 1 25 154 1
2 0 5 1 5 1 45 676 1
2 0 5 2 3 2 5 44 1
2 0 5 2 5 2 5 169 1
2 0 5 3 3 3 5 99 1
2 0 5 3 5 3 5 6084 1
2 0 5 4 5 4 5 169 -1
2 0 5 5 5 5 125 676 -1
2 1 0 0 2 1 1 4 1
2 1 1 -1 1 0 3 20 -1
2 1 1 -1 3 0 9 140 1
2 1 1 0 1 1 3 20 1
2 1 1 0 3 1 6 35 1
2 1 1 1 3 2 3 14 1
2 1 2 -2 2 -1 15 98 -1
2 1 2 -2 4 -1 5 196 1
2 1 2 -1 0 0 1 4 -1
2 1 2 -1 2 0 5 196 -1
2 1 2 -1 4 0 4 49 1
2 1 2 0 2 1 5 196 1
2 1 2 0 4 1 15 98 1
2 1 2 1 2 2 15 98 1
2 1 2 1 4 2 10 49 1
2 1 2 2 4 3 5 28 1
2 1 3 -3 3 -2 5 36 -1
2 1 3 -3 5 -2 5 396 1
2 1 3 -2 1 -1 3 14 -1
2 1 3 -2 3 -1 1 12 -1
2 1 3 -2 5 -1 10 231 1
2 1 3 -1 1 0 6 35 -1
2 1 3 -1 3 0 1 90 -1
2 1 3 -1 5 0 125 1386 1
2 1 3 0 1 1 9 140 -1
2 1 3 0 3 1 1 90 1
2 1 3 0 5 1 100 693 1
2 1 3 1 3 2 1 12 1
2 1 3 1 5 2 25 132 1
2 1 3 2 3 3 5 36 1
2 1 3 2 5 3 20 99 1
2 1 3 3 5 4 5 33 1
2 1 4 -4 4 -3 15 121 -1
2 1 4 -3 2 -2 5 28 -1
2 1 4 -3 4 -2 375 3388 -1
2 1 4 -2 2 -1 10 49 -1
2 1 4 -2 4 -1 1215 23716 -1
2 1 4 -1 2 0 15 98 -1
2 1 4 -1 4 0 75 11858 -1
2 1 4 0 2 1 4 49 -1
2 1 4 0 4 1 75 11858 1
2 1 4 1 2 2 5 196 -1
2 1 4 1 4 2 1215 23716 1
2 1 4 2 4 3 375 3388 1
2 1 4 3 4 4 15 121 1
2 1 5 -5 5 -4 75 676 -1
2 1 5 -4 3 -3 5 33 -1
2 1 5 -4 5 -3 245 2028 -1
2 1 5 -3 3 -2 20 99 -1
2 1 5 -3 5 -2 125 1521 -1
2 1 5 -2 3 -1 25 132 -1
2 1 5 -2 5 -1 35 1014 -1
2 1 5 -1 3 0 100 693 -1
2 1 5 -1 5 0 25 6084 -1
2 1 5 0 3 1 125 1386 -1
2 1 5 0 5 1 25 6084 1
2 1 5 1 3 2 10 231 -1
2 1 5 1 5 2 35 1014 1
2 1 5 2 3 3 5 396 -1
2 1 5 2 5 3 125 1521 1
2 1 5 3 5 4 245 2028 1
2 1 5 4 5 5 75 676 1
2 2 0 0 2 2 1 4 1
2 2 1 -1 1 1 3 10 -1
2 2 1 -1 3 1 3 140 1
2 2 1 0 3 2 3 28 1
2 2 1 1 3 3 9 28 1
2 2 2 -2 0 0 1 4 1
2 2 2 -2 2 0 5 49 -1
2 2 2 -2 4 0 1 196 1
2 2 2 -1 2 1 15 98 -1
2 2 2 -1 4 1 5 196 1
2 2 2 0 2 2 5 49 -1
2 2 2 0 4 2 15 196 1
2 2 2 1 4 3 5 28 1
2 2 2 2 4 4 5 14 1
2 2 3 -3 1 -1 9 28 1
2 2 3 -3 3 -1 1 18 -1
2 2 3 -3 5 -1 5 2772 1
2 2 3 -2 1 0 3 28 1
2 2 3 -2 3 0 1 9 -1
2 2 3 -2 5 0 25 2772 1
2 2 3 -1 1 1 3 140 1
2 2 3 -1 3 1 2 15 -1
2 2 3 -1 5 1 25 924 1
2 2 3 0 3 2 1 9 -1
2 2 3 0 5 2 25 396 1
2 2 3 1 3 3 1 18 -1
2 2 3 1 5 3 25 198 1
2 2 3 2 5 4 5 22 1
2 2 3 3 5 5 25 66 1
2 2 4 -4 2 -2 5 14 1
2 2 4 -4 4 -2 30 847 -1
2 2 4 -3 2 -1 5 28 1
2 2 4 -3 4 -1 135 1694 -1
2 2 4 -2 2 0 15 196 1
2 2 4 -2 4 0 675 5929 -1
2 2 4 -1 2 1 5 196 1
2 2 4 -1 4 1 750 5929 -1
2 2 4 0 2 2 1 196 1
2 2 4 0 4 2 675 5929 -1
2 2 4 1 4 3 135 1694 -1
2 2 4 2 4 4 30 847 -1
2 2 5 -5 3 -3 25 66 1
2 2 5 -5 5 -3 25 1014 -1
2 2 5 -4 3 -2 5 22 1
2 2 5 -4 5 -2 10 169 -1
2 2 5 -3 3 -1 25 198 1
2 2 5 -3 5 -1 140 1521 -1
2 2 5 -2 3 0 25 396 1
2 2 5 -2 5 0 175 1521 -1
2 2 5 -1 3 1 25 924 1
2 2 5 -1 5 1 125 1014 -1
2 2 5 0 3 2 25 2772 1
2 2 5 0 5 2 175 1521 -1
2 2 5 1 3 3 5 2772 1
2 2 5 1 5 3 140 1521 -1
2 2 5 2 5 4 10 169 -1
2 2 5 3 5 5 25 1014 -1
3 -3 0 0 3 -3 1 4 1
3 -3 1 -1 4 -4 1 3 1
3 -3 1 0 4 -3 1 12 1
3 -3 1 1 2 -2 9 28 -1
3 -3 1 1 4 -2 1 84 1
3 -3 2 -2 5 -5 25 66 1
3 -3 2 -1 5 -4 5 33 1
3 -3 2 0 3 -3 5 36 -1
3 -3 2 0 5 -3 5 99 1
3 -3 2 1 3 -2 5 36 -1
3 -3 2 1 5 -2 5 396 1
3 -3 2 2 1 -1 9 28 1
3 -3 2 2 3 -1 1 18 -1
3 -3 2 2 5 -1 5 2772 1
3 -3 3 -1 4 -4 21 242 -1
3 -3 3 0 4 -3 63 484 -1
3 -3 3 1 2 -2 1 18 1
3 -3 3 1 4 -2 27 242 -1
3 -3 3 2 2 -1 5 36 1
3 -3 3 2 4 -1 15 242 -1
3 -3 3 3 0 0 1 4 -1
3 -3 3 3 2 0 5 36 1
3 -3 3 3 4 0 9 484 -1
3 -3 4 -2 5 -5 225 3718 -1
3 -3 4 -1 5 -4 405 3718 -1
3 -3 4 0 3 -3 9 484 1
3 -3 4 0 5 -3 225 1859 -1
3 -3 4 1 3 -2 15 242 1
3 -3 4 1 5 -2 375 3718 -1
3 -3 4 2 1 -1 1 84 -1
3 -3 4 2 3 -1 27 242 1
3 -3 4 2 5 -1 3375 52052 -1
3 -3 4 3 1 0 1 12 -1
3 -3 4 3 3 0 63 484 1
3 -3 4 3 5 0 225 7436 -1
3 -3 4 4 1 1 1 3 -1
3 -3 4 4 3 1 21 242 1
3 -3 4 4 5 1 15 1859 -1
3 -3 5 -1 4 -4 15 1859 1
3 -3 5 0 4 -3 225 7436 1
3 -3 5 1 2 -2 5 2772 -1
3 -3 5 1 4 -2 3375 52052 1
3 -3 5 2 2 -1 5 396 -1
3 -3 5 2 4 -1 375 3718 1
3 -3 5 3 2 0 5 99 -1
3 -3 5 3 4 0 225 1859 1
3 -3 5 4 2 1 5 33 -1
3 -3 5 4 4 1 405 3718 1
3 -3 5 5 2 2 25 66 -1
3 -3 5 5 4 2 225 3718 1
3 -2 0 0 3 -2 1 4 1
3 -2 1 -1 4 -3 1 4 1
3 -2 1 0 2 -2 3 28 1
3 -2 1 0 4 -2 1 7 1
3 -2 1 1 2 -1 3 14 -1
3 -2 1 1 4 -1 1 28 1
3 -2 2 -2 5 -4 5 22 1
3 -2 2 -1 3 -3 5 36 1
3 -2 2 -1 5 -3 20 99 1
3 -2 2 0 5 -2 5 44 1
3 -2 2 1 1 -1 3 14 -1
3 -2 2 1 3 -1 1 12 -1
3 -2 2 1 5 -1 10 231 1
3 -2 2 2 1 0 3 28 1
3 -2 2 2 3 0 1 9 -1
3 -2 2 2 5 0 25 2772 1
3 -2 3 -2 4 -4 35 242 1
3 -2 3 -1 4 -3 7 242 1
3 -2 3 0 2 -2 1 9 -1
3 -2 3 0 4 -2 3 484 -1
3 -2 3 1 2 -1 1 12 -1
3 -2 3 1 4 -1 8 121 -1
3 -2 3 2 0 0 1 4 1
3 -2 3 2 4 0 49 484 -1
3 -2 3 3 2 1 5 36 1
3 -2 3 3 4 1 15 242 -1
3 -2 4 -3 5 -5 525 3718 1
3 -2 4 -2 5 -4 120 1859 1
3 -2 4 -1 3 -3 15 242 -1
3 -2 4 -1 5 -3 15 3718 1
3 -2 4 0 3 -2 49 484 -1
3 -2 4 0 5 -2 25 1859 -1
3 -2 4 1 1 -1 1 28 1
3 -2 4 1 3 -1 8 121 -1
3 -2 4 1 5 -1 3125 52052 -1
3 -2 4 2 1 0 1 7 1
3 -2 4 2 3 0 3 484 -1
3 -2 4 2 5 0 1200 13013 -1
3 -2 4 3 1 1 1 4 1
3 -2 4 3 3 1 7 242 1
3 -2 4 3 5 1 55 676 -1
3 -2 4 4 3 2 35 242 1
3 -2 4 4 5 2 70 1859 -1
3 -2 5 -2 4 -4 70 1859 -1
3 -2 5 -1 4 -3 55 676 -1
3 -2 5 0 2 -2 25 2772 1
3 -2 5 0 4 -2 1200 13013 -1
3 -2 5 1 2 -1 10 231 1
3 -2 5 1 4 -1 3125 52052 -1
3 -2 5 2 2 0 5 44 1
3 -2 5 2 4 0 25 1859 -1
3 -2 5 3 2 1 20 99 1
3 -2 5 3 4 1 15 3718 1
3 -2 5 4 2 2 5 22 1
3 -2 5 4 4 2 120 1859 1
3 -2 5 5 4 3 525 3718 1
3 -1 0 0 3 -1 1 4 1
3 -1 1 -1 2 -2 3 140 -1
3 -1 1 -1 4 -2 5 28 1
3 -1 1 0 2 -1 6 35 1
3 -1 1 0 4 -1 5 28 1
3 -1 1 1 2 0 9 70 -1
3 -1 1 1 4 0 1 14 1
3 -1 2 -2 3 -3 1 18 -1
3 -1 2 -2 5 -3 25 198 1
3 -1 2 -1 3 -2 1 12 1
3 -1 2 -1 5 -2 25 132 1
3 -1 2 0 1 -1 9 70 1
3 -1 2 0 3 -1 1 20 1
3 -1 2 0 5 -1 25 154 1
3 -1 2 1 1 0 6 35 -1
3 -1 2 1 3 0 1 90 -1
3 -1 2 1 5 0 125 1386 1
3 -1 2 2 1 1 3 140 1
3 -1 2 2 3 1 2 15 -1
3 -1 2 2 5 1 25 924 1
3 -1 3 -3 4 -4 21 242 -1
3 -1 3 -2 4 -3 7 242 1
3 -1 3 -1 2 -2 2 15 1
3 -1 3 -1 4 -2 10 121 1
3 -1 3 0 2 -1 1 90 1
3 -1 3 0 4 -1 15 484 1
3 -1 3 1 0 0 1 4 -1
3 -1 3 1 2 0 1 20 -1
3 -1 3 1 4 0 1 484 -1
3 -1 3 2 2 1 1 12 -1
3 -1 3 2 4 1 8 121 -1
3 -1 3 3 2 2 1 18 1
3 -1 3 3 4 2 27 242 -1
3 -1 4 -4 5 -5 210 1859 -1
3 -1 4 -3 5 -4 21 3718 1
3 -1 4 -2 3 -3 27 242 1
3 -1 4 -2 5 -3 243 3718 1
3 -1 4 -1 3 -2 8 121 1
3 -1 4 -1 5 -2 128 1859 1
3 -1 4 0 1 -1 1 14 -1
3 -1 4 0 3 -1 1 484 1
3 -1 4 0 5 -1 55 2366 1
3 -1 4 1 1 0 5 28 -1
3 -1 4 1 3 0 15 484 -1
3 -1 4 1 5 0 15 52052 -1
3 -1 4 2 1 1 5 28 -1
3 -1 4 2 3 1 10 121 -1
3 -1 4 2 5 1 1849 52052 -1
3 -1 4 3 3 2 7 242 -1
3 -1 4 3 5 2 343 3718 -1
3 -1 4 4 3 3 21 242 1
3 -1 4 4 5 3 168 1859 -1
3 -1 5 -3 4 -4 168 1859 1
3 -1 5 -2 4 -3 343 3718 1
3 -1 5 -1 2 -2 25 924 -1
3 -1 5 -1 4 -2 1849 52052 1
3 -1 5 0 2 -1 125 1386 -1
3 -1 5 0 4 -1 15 52052 1
3 -1 5 1 2 0 25 154 -1
3 -1 5 1 4 0 55 2366 -1
3 -1 5 2 2 1 25 132 -1
3 -1 5 2 4 1 128 1859 -1
3 -1 5 3 2 2 25 198 -1
3 -1 5 3 4 2 243 3718 -1
3 -1 5 4 4 3 21 3718 -1
3 -1 5 5 4 4 210 1859 1
3 0 0 0 3 0 1 4 1
3 0 1 -1 2 -1 9 140 -1
3 0 1 -1 4 -1 5 42 1
3 0 1 0 2 0 27 140 1
3 0 1 0 4 0 4 21 1
3 0 1 1 2 1 9 140 -1
3 0 1 1 4 1 5 42 1
3 0 2 -2 3 -2 1 9 -1
3 0 2 -2 5 -2 25 396 1
3 0 2 -1 1 -1 9 140 -1
3 0 2 -1 3 -1 1 90 1
3 0 2 -1 5 -1 100 693 1
3 0 2 0 1 0 27 140 1
3 0 2 0 3 0 4 45 1
3 0 2 0 5 0 125 693 1
3 0 2 1 1 1 9 140 -1
3 0 2 1 3 1 1 90 1
3 0 2 1 5 1 100 693 1
3 0 2 2 3 2 1 9 -1
3 0 2 2 5 2 25 396 1
3 0 3 -3 4 -3 63 484 -1
3 0 3 -2 2 -2 1 9 -1
3 0 3 -2 4 -2 3 484 -1
3 0 3 -1 2 -1 1 90 1
3 0 3 -1 4 -1 15 484 1
3 0 3 0 0 0 1 4 1
3 0 3 0 2 0 4 45 1
3 0 3 0 4 0 9 121 1
3 0 3 1 2 1 1 90 1
3 0 3 1 4 1 15 484 1
3 0 3 2 2 2 1 9 -1
3 0 3 2 4 2 3 484 -1
3 0 3 3 4 3 63 484 -1
3 0 4 -4 5 -4 252 1859 -1
3 0 4 -3 3 -3 63 484 -1
3 0 4 -3 5 -3 63 1859 -1
3 0 4 -2 3 -2 3 484 -1
3 0 4 -2 5 -2 3 1859 1
3 0 4 -1 1 -1 5 42 1
3 0 4 -1 3 -1 15 484 1
3 0 4 -1 5 -1 1083 26026 1
3 0 4 0 1 0 4 21 1
3 0 4 0 3 0 9 121 1
3 0 4 0 5 0 900 13013 1
3 0 4 1 1 1 5 42 1
3 0 4 1 3 1 15 484 1
3 0 4 1 5 1 1083 26026 1
3 0 4 2 3 2 3 484 -1
3 0 4 2 5 2 3 1859 1
3 0 4 3 3 3 63 484 -1
3 0 4 3 5 3 63 1859 -1
3 0 4 4 5 4 252 1859 -1
3 0 5 -4 4 -4 252 1859 -1
3 0 5 -3 4 -3 63 1859 -1
3 0 5 -2 2 -2 25 396 1
3 0 5 -2 4 -2 3 1859 1
3 0 5 -1 2 -1 100 693 1
3 0 5 -1 4 -1 1083 26026 1
3 0 5 0 2 0 125 693 1
3 0 5 0 4 0 900 13013 1
3 0 5 1 2 1 100 693 1
3 0 5 1 4 1 1083 26026 1
3 0 5 2 2 2 25 396 1
3 0 5 2 4 2 3 1859 1
3 0 5 3 4 3 63 1859 -1
3 0 5 4 4 4 252 1859 -1
3 1 0 0 3 1 1 4 1
3 1 1 -1 2 0 9 70 -1
3 1 1 -1 4 0 1 14 1
3 1 1 0 2 1 6 35 1
3 1 1 0 4 1 5 28 1
3 1 1 1 2 2 3 140 -1
3 1 1 1 4 2 5 28 1
3 1 2 -2 1 -1 3 140 1
3 1 2 -2 3 -1 2 15 -1
3 1 2 -2 5 -1 25 924 1
3 1 2 -1 1 0 6 35 -1
3 1 2 -1 3 0 1 90 -1
3 1 2 -1 5 0 125 1386 1
3 1 2 0 1 1 9 70 1
3 1 2 0 3 1 1 20 1
3 1 2 0 5 1 25 154 1
3 1 2 1 3 2 1 12 1
3 1 2 1 5 2 25 132 1
3 1 2 2 3 3 1 18 -1
3 1 2 2 5 3 25 198 1
3 1 3 -3 2 -2 1 18 1
3 1 3 -3 4 -2 27 242 -1
3 1 3 -2 2 -1 1 12 -1
3 1 3 -2 4 -1 8 121 -1
3 1 3 -1 0 0 1 4 -1
3 1 3 -1 2 0 1 20 -1
3 1 3 -1 4 0 1 484 -1
3 1 3 0 2 1 1 90 1
3 1 3 0 4 1 15 484 1
3 1 3 1 2 2 2 15 1
3 1 3 1 4 2 10 121 1
3 1 3 2 4 3 7 242 1
3 1 3 3 4 4 21 242 -1
3 1 4 -4 3 -3 21 242 1
3 1 4 -4 5 -3 168 1859 -1
3 1 4 -3 3 -2 7 242 -1
3 1 4 -3 5 -2 343 3718 -1
3 1 4 -2 1 -1 5 28 -1
3 1 4 -2 3 -1 10 121 -1
3 1 4 -2 5 -1 1849 52052 -1
3 1 4 -1 1 0 5 28 -1
3 1 4 -1 3 0 15 484 -1
3 1 4 -1 5 0 15 52052 -1
3 1 4 0 1 1 1 14 -1
3 1 4 0 3 1 1 484 1
3 1 4 0 5 1 55 2366 1
3 1 4 1 3 2 8 121 1
3 1 4 1 5 2 128 1859 1
3 1 4 2 3 3 27 242 1
3 1 4 2 5 3 243 3718 1
3 1 4 3 5 4 21 3718 1
3 1 4 4 5 5 210 1859 -1
3 1 5 -5 4 -4 210 1859 1
3 1 5 -4 4 -3 21 3718 -1
3 1 5 -3 2 -2 25 198 -1
3 1 5 -3 4 -2 243 3718 -1
3 1 5 -2 2 -1 25 132 -1
3 1 5 -2 4 -1 128 1859 -1
3 1 5 -1 2 0 25 154 -1
3 1 5 -1 4 0 55 2366 -1
3 1 5 0 2 1 125 1386 -1
3 1 5 0 4 1 15 52052 1
3 1 5 1 2 2 25 924 -1
3 1 5 1 4 2 1849 52052 1
3 1 5 2 4 3 343 3718 1
3 1 5 3 4 4 168 1859 1
3 2 0 0 3 2 1 4 1
3 2 1 -1 2 1 3 14 -1
3 2 1 -1 4 1 1 28 1
3 2 1 0 2 2 3 28 1
3 2 1 0 4 2 1 7 1
3 2 1 1 4 3 1 4 1
3 2 2 -2 1 0 3 28 1
3 2 2 -2 3 0 1 9 -1
3 2 2 -2 5 0 25 2772 1
3 2 2 -1 1 1 3 14 -1
3 2 2 -1 3 1 1 12 -1
3 2 2 -1 5 1 10 231 1
3 2 2 0 5 2 5 44 1
3 2 2 1 3 3 5 36 1
3 2 2 1 5 3 20 99 1
3 2 2 2 5 4 5 22 1
3 2 3 -3 2 -1 5 36 1
3 2 3 -3 4 -1 15 242 -1
3 2 3 -2 0 0 1 4 1
3 2 3 -2 4 0 49 484 -1
3 2 3 -1 2 1 1 12 -1
3 2 3 -1 4 1 8 121 -1
3 2 3 0 2 2 1 9 -1
3 2 3 0 4 2 3 484 -1
3 2 3 1 4 3 7 242 1
3 2 3 2 4 4 35 242 1
3 2 4 -4 3 -2 35 242 1
3 2 4 -4 5 -2 70 1859 -1
3 2 4 -3 1 -1 1 4 1
3 2 4 -3 3 -1 7 242 1
3 2 4 -3 5 -1 55 676 -1
3 2 4 -2 1 0 1 7 1
3 2 4 -2 3 0 3 484 -1
3 2 4 -2 5 0 1200 13013 -1
3 2 4 -1 1 1 1 28 1
3 2 4 -1 3 1 8 121 -1
3 2 4 -1 5 1 3125 52052 -1
3 2 4 0 3 2 49 484 -1
3 2 4 0 5 2 25 1859 -1
3 2 4 1 3 3 15 242 -1
3 2 4 1 5 3 15 3718 1
3 2 4 2 5 4 120 1859 1
3 2 4 3 5 5 525 3718 1
3 2 5 -5 4 -3 525 3718 1
3 2 5 -4 2 -2 5 22 1
3 2 5 -4 4 -2 120 1859 1
3 2 5 -3 2 -1 20 99 1
3 2 5 -3 4 -1 15 3718 1
3 2 5 -2 2 0 5 44 1
3 2 5 -2 4 0 25 1859 -1
3 2 5 -1 2 1 10 231 1
3 2 5 -1 4 1 3125 52052 -1
3 2 5 0 2 2 25 2772 1
3 2 5 0 4 2 1200 13013 -1
3 2 5 1 4 3 55 676 -1
3 2 5 2 4 4 70 1859 -1
3 3 0 0 3 3 1 4 1
3 3 1 -1 2 2 9 28 -1
3 3 1 -1 4 2 1 84 1
3 3 1 0 4 3 1 12 1
3 3 1 1 4 4 1 3 1
3 3 2 -2 1 1 9 28 1
3 3 2 -2 3 1 1 18 -1
3 3 2 -2 5 1 5 2772 1
3 3 2 -1 3 2 5 36 -1
3 3 2 -1 5 2 5 396 1
3 3 2 0 3 3 5 36 -1
3 3 2 0 5 3 5 99 1
3 3 2 1 5 4 5 33 1
3 3 2 2 5 5 25 66 1
3 3 3 -3 0 0 1 4 -1
3 3 3 -3 2 0 5 36 1
3 3 3 -3 4 0 9 484 -1
3 3 3 -2 2 1 5 36 1
3 3 3 -2 4 1 15 242 -1
3 3 3 -1 2 2 1 18 1
3 3 3 -1 4 2 27 242 -1
3 3 3 0 4 3 63 484 -1
3 3 3 1 4 4 21 242 -1
3 3 4 -4 1 -1 1 3 -1
3 3 4 -4 3 -1 21 242 1
3 3 4 -4 5 -1 15 1859 -1
3 3 4 -3 1 0 1 12 -1
3 3 4 -3 3 0 63 484 1
3 3 4 -3 5 0 225 7436 -1
3 3 4 -2 1 1 1 84 -1
3 3 4 -2 3 1 27 242 1
3 3 4 -2 5 1 3375 52052 -1
3 3 4 -1 3 2 15 242 1
3 3 4 -1 5 2 375 3718 -1
3 3 4 0 3 3 9 484 1
3 3 4 0 5 3 225 1859 -1
3 3 4 1 5 4 405 3718 -1
3 3 4 2 5 5 225 3718 -1
3 3 5 -5 2 -2 25 66 -1
3 3 5 -5 4 -2 225 3718 1
3 3 5 -4 2 -1 5 33 -1
3 3 5 -4 4 -1 405 3718 1
3 3 5 -3 2 0 5 99 -1
3 3 5 -3 4 0 225 1859 1
3 3 5 -2 2 1 5 396 -1
3 3 5 -2 4 1 375 3718 1
3 3 5 -1 2 2 5 2772 -1
3 3 5 -1 4 2 3375 52052 1
3 3 5 0 4 3 225 7436 1
3 3 5 1 4 4 15 1859 1
4 -4 0 0 4 -4 1 4 1
4 -4 1 -1 5 -5 15 44 1
4 -4 1 0 5 -4 3 44 1
4 -4 1 1 3 -3 1 3 -1
4 -4 1 1 5 -3 1 132 1
4 -4 2 0 4 -4 20 121 -1
4 -4 2 1 4 -3 15 121 -1
4 -4 2 2 2 -2 5 14 1
4 -4 2 2 4 -2 30 847 -1
4 -4 3 -1 5 -5 210 1859 -1
4 -4 3 0 5 -4 252 1859 -1
4 -4 3 1 3 -3 21 242 1
4 -4 3 1 5 -3 168 1859 -1
4 -4 3 2 3 -2 35 242 1
4 -4 3 2 5 -2 70 1859 -1
4 -4 3 3 1 -1 1 3 -1
4 -4 3 3 3 -1 21 242 1
4 -4 3 3 5 -1 15 1859 -1
4 -4 4 0 4 -4 729 20449 1
4 -4 4 1 4 -3 3645 40898 1
4 -4 4 2 2 -2 30 847 -1
4 -4 4 2 4 -2 32805 286286 1
4 -4 4 3 2 -1 15 121 -1
4 -4 4 3 4 -1 3645 40898 1
4 -4 4 4 0 0 1 4 1
4 -4 4 4 2 0 20 121 -1
4 -4 4 4 4 0 729 20449 1
4 -4 5 -1 5 -5 3 169 1
4 -4 5 0 5 -4 9 169 1
4 -4 5 1 3 -3 15 1859 -1
4 -4 5 1 5 -3 15 169 1
4 -4 5 2 3 -2 70 1859 -1
4 -4 5 2 5 -2 35 338 1
4 -4 5 3 1 -1 1 132 1
4 -4 5 3 3 -1 168 1859 -1
4 -4 5 3 5 -1 15 169 1
4 -4 5 4 1 0 3 44 1
4 -4 5 4 3 0 252 1859 -1
4 -4 5 4 5 0 9 169 1
4 -4 5 5 1 1 15 44 1
4 -4 5 5 3 1 210 1859 -1
4 -4 5 5 5 1 3 169 1
4 -3 0 0 4 -3 1 4 1
4 -3 1 -1 5 -4 3 11 1
4 -3 1 0 3 -3 1 12 1
4 -3 1 0 5 -3 4 33 1
4 -3 1 1 3 -2 1 4 -1
4 -3 1 1 5 -2 1 44 1
4 -3 2 -1 4 -4 15 121 1
4 -3 2 0 4 -3 5 484 -1
4 -3 2 1 2 -2 5 28 -1
4 -3 2 1 4 -2 375 3388 -1
4 -3 2 2 2 -1 5 28 1
4 -3 2 2 4 -1 135 1694 -1
4 -3 3 -2 5 -5 525 3718 1
4 -3 3 -1 5 -4 21 3718 1
4 -3 3 0 3 -3 63 484 -1
4 -3 3 0 5 -3 63 1859 -1
4 -3 3 1 3 -2 7 242 -1
4 -3 3 1 5 -2 343 3718 -1
4 -3 3 2 1 -1 1 4 1
4 -3 3 2 3 -1 7 242 1
4 -3 3 2 5 -1 55 676 -1
4 -3 3 3 1 0 1 12 -1
4 -3 3 3 3 0 63 484 1
4 -3 3 3 5 0 225 7436 -1
4 -3 4 -1 4 -4 3645 40898 -1
4 -3 4 0 4 -3 6561 81796 -1
4 -3 4 1 2 -2 135 1694 1
4 -3 4 1 4 -2 3645 286286 -1
4 -3 4 2 2 -1 375 3388 1
4 -3 4 2 4 -1 3645 286286 1
4 -3 4 3 0 0 1 4 -1
4 -3 4 3 2 0 5 484 1
4 -3 4 3 4 0 6561 81796 1
4 -3 4 4 2 1 15 121 -1
4 -3 4 4 4 1 3645 40898 1
4 -3 5 -2 5 -5 21 338 -1
4 -3 5 -1 5 -4 15 169 -1
4 -3 5 0 3 -3 225 7436 1
4 -3 5 0 5 -3 9 169 -1
4 -3 5 1 3 -2 55 676 1
4 -3 5 1 5 -2 5 676 -1
4 -3 5 2 1 -1 1 44 -1
4 -3 5 2 3 -1 343 3718 1
4 -3 5 2 5 -1 5 676 1
4 -3 5 3 1 0 4 33 -1
4 -3 5 3 3 0 63 1859 1
4 -3 5 3 5 0 9 169 1
4 -3 5 4 1 1 3 11 -1
4 -3 5 4 3 1 21 3718 -1
4 -3 5 4 5 1 15 169 1
4 -3 5 5 3 2 525 3718 -1
4 -3 5 5 5 2 21 338 1
4 -2 0 0 4 -2 1 4 1
4 -2 1 -1 3 -3 1 84 -1
4 -2 1 -1 5 -3 7 33 1
4 -2 1 0 3 -2 1 7 1
4 -2 1 0 5 -2 7 44 1
4 -2 1 1 3 -1 5 28 -1
4 -2 1 1 5 -1 1 22 1
4 -2 2 -2 4 -4 30 847 -1
4 -2 2 -1 4 -3 375 3388 1
4 -2 2 0 2 -2 15 196 1
4 -2 2 0 4 -2 80 5929 1
4 -2 2 1 2 -1 10 49 -1
4 -2 2 1 4 -1 1215 23716 -1
4 -2 2 2 2 0 15 196 1
4 -2 2 2 4 0 675 5929 -1
4 -2 3 -3 5 -5 225 3718 -1
4 -2 3 -2 5 -4 120 1859 1
4 -2 3 -1 3 -3 27 242 1
4 -2 3 -1 5 -3 243 3718 1
4 -2 3 0 3 -2 3 484 -1
4 -2 3 0 5 -2 3 1859 1
4 -2 3 1 1 -1 5 28 -1
4 -2 3 1 3 -1 10 121 -1
4 -2 3 1 5 -1 1849 52052 -1
4 -2 3 2 1 0 1 7 1
4 -2 3 2 3 0 3 484 -1
4 -2 3 2 5 0 1200 13013 -1
4 -2 3 3 1 1 1 84 -1
4 -2 3 3 3 1 27 242 1
4 -2 3 3 5 1 3375 52052 -1
4 -2 4 -2 4 -4 32805 286286 1
4 -2 4 -1 4 -3 3645 286286 1
4 -2 4 0 2 -2 675 5929 -1
4 -2 4 0 4 -2 729 33124 -1
4 -2 4 1 2 -1 1215 23716 -1
4 -2 4 1 4 -1 65610 1002001 -1
4 -2 4 2 0 0 1 4 1
4 -2 4 2 2 0 80 5929 1
4 -2 4 2 4 0 729 33124 -1
4 -2 4 3 2 1 375 3388 1
4 -2 4 3 4 1 3645 286286 1
4 -2 4 4 2 2 30 847 -1
4 -2 4 4 4 2 32805 286286 1
4 -2 5 -3 5 -5 18 169 1
4 -2 5 -2 5 -4 15 338 1
4 -2 5 -1 3 -3 3375 52052 -1
4 -2 5 0 3 -2 1200 13013 -1
4 -2 5 0 5 -2 21 676 -1
4 -2 5 1 1 -1 1 22 1
4 -2 5 1 3 -1 1849 52052 -1
4 -2 5 1 5 -1 10 169 -1
4 -2 5 2 1 0 7 44 1
4 -2 5 2 3 0 3 1859 1
4 -2 5 2 5 0 21 676 -1
4 -2 5 3 1 1 7 33 1
4 -2 5 3 3 1 243 3718 1
4 -2 5 4 3 2 120 1859 1
4 -2 5 4 5 2 15 338 1
4 -2 5 5 3 3 225 3718 -1
4 -2 5 5 5 3 18 169 1
4 -1 0 0 4 -1 1 4 1
4 -1 1 -1 3 -2 1 28 -1
4 -1 1 -1 5 -2 7 44 1
4 -1 1 0 3 -1 5 28 1
4 -1 1 0 5 -1 2 11 1
4 -1 1 1 3 0 5 42 -1
4 -1 1 1 5 0 5 66 1
4 -1 2 -2 4 -3 135 1694 -1
4 -1 2 -1 2 -2 5 196 -1
4 -1 2 -1 4 -2 1215 23716 1
4 -1 2 0 2 -1 15 98 1
4 -1 2 0 4 -1 1445 23716 1
4 -1 2 1 2 0 15 98 -1
4 -1 2 1 4 0 75 11858 -1
4 -1 2 2 2 1 5 196 1
4 -1 2 2 4 1 750 5929 -1
4 -1 3 -3 5 -4 405 3718 -1
4 -1 3 -2 3 -3 15 242 -1
4 -1 3 -2 5 -3 15 3718 1
4 -1 3 -1 3 -2 8 121 1
4 -1 3 -1 5 -2 128 1859 1
4 -1 3 0 1 -1 5 42 1
4 -1 3 0 3 -1 15 484 1
4 -1 3 0 5 -1 1083 26026 1
4 -1 3 1 1 0 5 28 -1
4 -1 3 1 3 0 15 484 -1
4 -1 3 1 5 0 15 52052 -1
4 -1 3 2 1 1 1 28 1
4 -1 3 2 3 1 8 121 -1
4 -1 3 2 5 1 3125 52052 -1
4 -1 3 3 3 2 15 242 1
4 -1 3 3 5 2 375 3718 -1
4 -1 4 -3 4 -4 3645 40898 -1
4 -1 4 -2 4 -3 3645 286286 1
4 -1 4 -1 2 -2 750 5929 1
4 -1 4 -1 4 -2 65610 1002001 1
4 -1 4 0 2 -1 75 11858 1
4 -1 4 0 4 -1 59049 4008004 1
4 -1 4 1 0 0 1 4 -1
4 -1 4 1 2 0 1445 23716 -1
4 -1 4 1 4 0 59049 4008004 -1
4 -1 4 2 2 1 1215 23716 -1
4 -1 4 2 4 1 65610 1002001 -1
4 -1 4 3 2 2 135 1694 1
4 -1 4 3 4 2 3645 286286 -1
4 -1 4 4 4 3 3645 40898 1
4 -1 5 -4 5 -5 18 169 -1
4 -1 5 -2 3 -3 375 3718 1
4 -1 5 -2 5 -3 15 338 1
4 -1 5 -1 3 -2 3125 52052 1
4 -1 5 -1 5 -2 35 676 1
4 -1 5 0 1 -1 5 66 -1
4 -1 5 0 3 -1 15 52052 1
4 -1 5 0 5 -1 3 338 1
4 -1 5 1 1 0 2 11 -1
4 -1 5 1 3 0 1083 26026 -1
4 -1 5 1 5 0 3 338 -1
4 -1 5 2 1 1 7 44 -1
4 -1 5 2 3 1 128 1859 -1
4 -1 5 2 5 1 35 676 -1
4 -1 5 3 3 2 15 3718 -1
4 -1 5 3 5 2 15 338 -1
4 -1 5 4 3 3 405 3718 1
4 -1 5 5 5 4 18 169 1
4 0 0 0 4 0 1 4 1
4 0 1 -1 3 -1 1 14 -1
4 0 1 -1 5 -1 5 44 1
4 0 1 0 3 0 4 21 1
4 0 1 0 5 0 25 132 1
4 0 1 1 3 1 1 14 -1
4 0 1 1 5 1 5 44 1
4 0 2 -2 2 -2 1 196 1
4 0 2 -2 4 -2 675 5929 -1
4 0 2 -1 2 -1 4 49 -1
4 0 2 -1 4 -1 75 11858 1
4 0 2 0 2 0 9 49 1
4 0 2 0 4 0 500 5929 1
4 0 2 1 2 1 4 49 -1
4 0 2 1 4 1 75 11858 1
4 0 2 2 2 2 1 196 1
4 0 2 2 4 2 675 5929 -1
4 0 3 -3 3 -3 9 484 1
4 0 3 -3 5 -3 225 1859 -1
4 0 3 -2 3 -2 49 484 -1
4 0 3 -2 5 -2 25 1859 -1
4 0 3 -1 1 -1 1 14 -1
4 0 3 -1 3 -1 1 484 1
4 0 3 -1 5 -1 55 2366 1
4 0 3 0 1 0 4 21 1
4 0 3 0 3 0 9 121 1
4 0 3 0 5 0 900 13013 1
4 0 3 1 1 1 1 14 -1
4 0 3 1 3 1 1 484 1
4 0 3 1 5 1 55 2366 1
4 0 3 2 3 2 49 484 -1
4 0 3 2 5 2 25 1859 -1
4 0 3 3 3 3 9 484 1
4 0 3 3 5 3 225 1859 -1
4 0 4 -4 4 -4 729 20449 1
4 0 4 -3 4 -3 6561 81796 -1
4 0 4 -2 2 -2 675 5929 -1
4 0 4 -2 4 -2 729 33124 -1
4 0 4 -1 2 -1 75 11858 1
4 0 4 -1 4 -1 59049 4008004 1
4 0 4 0 0 0 1 4 1
4 0 4 0 2 0 500 5929 1
4 0 4 0 4 0 59049 1002001 1
4 0 4 1 2 1 75 11858 1
4 0 4 1 4 1 59049 4008004 1
4 0 4 2 2 2 675 5929 -1
4 0 4 2 4 2 729 33124 -1
4 0 4 3 4 3 6561 81796 -1
4 0 4 4 4 4 729 20449 1
4 0 5 -5 5 -5 9 169 1
4 0 5 -4 5 -4 9 169 -1
4 0 5 -3 3 -3 225 1859 -1
4 0 5 -3 5 -3 9 169 -1
4 0 5 -2 3 -2 25 1859 -1
4 0 5 -2 5 -2 1 676 -1
4 0 5 -1 1 -1 5 44 1
4 0 5 -1 3 -1 55 2366 1
4 0 5 -1 5 -1 4 169 1
4 0 5 0 1 0 25 132 1
4 0 5 0 3 0 900 13013 1
4 0 5 0 5 0 9 169 1
4 0 5 1 1 1 5 44 1
4 0 5 1 3 1 55 2366 1
4 0 5 1 5 1 4 169 1
4 0 5 2 3 2 25 1859 -1
4 0 5 2 5 2 1 676 -1
4 0 5 3 3 3 225 1859 -1
4 0 5 3 5 3 9 169 -1
4 0 5 4 5 4 9 169 -1
4 0 5 5 5 5 9 169 1
4 1 0 0 4 1 1 4 1
4 1 1 -1 3 0 5 42 -1
4 1 1 -1 5 0 5 66 1
4 1 1 0 3 1 5 28 1
4 1 1 0 5 1 2 11 1
4 1 1 1 3 2 1 28 -1
4 1 1 1 5 2 7 44 1
4 1 2 -2 2 -1 5 196 1
4 1 2 -2 4 -1 750 5929 -1
4 1 2 -1 2 0 15 98 -1
4 1 2 -1 4 0 75 11858 -1
4 1 2 0 2 1 15 98 1
4 1 2 0 4 1 1445 23716 1
4 1 2 1 2 2 5 196 -1
4 1 2 1 4 2 1215 23716 1
4 1 2 2 4 3 135 1694 -1
4 1 3 -3 3 -2 15 242 1
4 1 3 -3 5 -2 375 3718 -1
4 1 3 -2 1 -1 1 28 1
4 1 3 -2 3 -1 8 121 -1
4 1 3 -2 5 -1 3125 52052 -1
4 1 3 -1 1 0 5 28 -1
4 1 3 -1 3 0 15 484 -1
4 1 3 -1 5 0 15 52052 -1
4 1 3 0 1 1 5 42 1
4 1 3 0 3 1 15 484 1
4 1 3 0 5 1 1083 26026 1
4 1 3 1 3 2 8 121 1
4 1 3 1 5 2 128 1859 1
4 1 3 2 3 3 15 242 -1
4 1 3 2 5 3 15 3718 1
4 1 3 3 5 4 405 3718 -1
4 1 4 -4 4 -3 3645 40898 1
4 1 4 -3 2 -2 135 1694 1
4 1 4 -3 4 -2 3645 286286 -1
4 1 4 -2 2 -1 1215 23716 -1
4 1 4 -2 4 -1 65610 1002001 -1
4 1 4 -1 0 0 1 4 -1
4 1 4 -1 2 0 1445 23716 -1
4 1 4 -1 4 0 59049 4008004 -1
4 1 4 0 2 1 75 11858 1
4 1 4 0 4 1 59049 4008004 1
4 1 4 1 2 2 750 5929 1
4 1 4 1 4 2 65610 1002001 1
4 1 4 2 4 3 3645 286286 1
4 1 4 3 4 4 3645 40898 -1
4 1 5 -5 5 -4 18 169 1
4 1 5 -4 3 -3 405 3718 1
4 1 5 -3 3 -2 15 3718 -1
4 1 5 -3 5 -2 15 338 -1
4 1 5 -2 1 -1 7 44 -1
4 1 5 -2 3 -1 128 1859 -1
4 1 5 -2 5 -1 35 676 -1
4 1 5 -1 1 0 2 11 -1
4 1 5 -1 3 0 1083 26026 -1
4 1 5 -1 5 0 3 338 -1
4 1 5 0 1 1 5 66 -1
4 1 5 0 3 1 15 52052 1
4 1 5 0 5 1 3 338 1
4 1 5 1 3 2 3125 52052 1
4 1 5 1 5 2 35 676 1
4 1 5 2 3 3 375 3718 1
4 1 5 2 5 3 15 338 1
4 1 5 4 5 5 18 169 -1
4 2 0 0 4 2 1 4 1
4 2 1 -1 3 1 5 28 -1
4 2 1 -1 5 1 1 22 1
4 2 1 0 3 2 1 7 1
4 2 1 0 5 2 7 44 1
4 2 1 1 3 3 1 84 -1
4 2 1 1 5 3 7 33 1
4 2 2 -2 2 0 15 196 1
4 2 2 -2 4 0 675 5929 -1
4 2 2 -1 2 1 10 49 -1
4 2 2 -1 4 1 1215 23716 -1
4 2 2 0 2 2 15 196 1
4 2 2 0 4 2 80 5929 1
4 2 2 1 4 3 375 3388 1
4 2 2 2 4 4 30 847 -1
4 2 3 -3 1 -1 1 84 -1
4 2 3 -3 3 -1 27 242 1
4 2 3 -3 5 -1 3375 52052 -1
4 2 3 -2 1 0 1 7 1
4 2 3 -2 3 0 3 484 -1
4 2 3 -2 5 0 1200 13013 -1
4 2 3 -1 1 1 5 28 -1
4 2 3 -1 3 1 10 121 -1
4 2 3 -1 5 1 1849 52052 -1
4 2 3 0 3 2 3 484 -1
4 2 3 0 5 2 3 1859 1
4 2 3 1 3 3 27 242 1
4 2 3 1 5 3 243 3718 1
4 2 3 2 5 4 120 1859 1
4 2 3 3 5 5 225 3718 -1
4 2 4 -4 2 -2 30 847 -1
4 2 4 -4 4 -2 32805 286286 1
4 2 4 -3 2 -1 375 3388 1
4 2 4 -3 4 -1 3645 286286 1
4 2 4 -2 0 0 1 4 1
4 2 4 -2 2 0 80 5929 1
4 2 4 -2 4 0 729 33124 -1
4 2 4 -1 2 1 1215 23716 -1
4 2 4 -1 4 1 65610 1002001 -1
4 2 4 0 2 2 675 5929 -1
4 2 4 0 4 2 729 33124 -1
4 2 4 1 4 3 3645 286286 1
4 2 4 2 4 4 32805 286286 1
4 2 5 -5 3 -3 225 3718 -1
4 2 5 -5 5 -3 18 169 1
4 2 5 -4 3 -2 120 1859 1
4 2 5 -4 5 -2 15 338 1
4 2 5 -3 1 -1 7 33 1
4 2 5 -3 3 -1 243 3718 1
4 2 5 -2 1 0 7 44 1
4 2 5 -2 3 0 3 1859 1
4 2 5 -2 5 0 21 676 -1
4 2 5 -1 1 1 1 22 1
4 2 5 -1 3 1 1849 52052 -1
4 2 5 -1 5 1 10 169 -1
4 2 5 0 3 2 1200 13013 -1
4 2 5 0 5 2 21 676 -1
4 2 5 1 3 3 3375 52052 -1
4 2 5 2 5 4 15 338 1
4 2 5 3 5 5 18 169 1
4 3 0 0 4 3 1 4 1
4 3 1 -1 3 2 1 4 -1
4 3 1 -1 5 2 1 44 1
4 3 1 0 3 3 1 12 1
4 3 1 0 5 3 4 33 1
4 3 1 1 5 4 3 11 1
4 3 2 -2 2 1 5 28 1
4 3 2 -2 4 1 135 1694 -1
4 3 2 -1 2 2 5 28 -1
4 3 2 -1 4 2 375 3388 -1
4 3 2 0 4 3 5 484 -1
4 3 2 1 4 4 15 121 1
4 3 3 -3 1 0 1 12 -1
4 3 3 -3 3 0 63 484 1
4 3 3 -3 5 0 225 7436 -1
4 3 3 -2 1 1 1 4 1
4 3 3 -2 3 1 7 242 1
4 3 3 -2 5 1 55 676 -1
4 3 3 -1 3 2 7 242 -1
4 3 3 -1 5 2 343 3718 -1
4 3 3 0 3 3 63 484 -1
4 3 3 0 5 3 63 1859 -1
4 3 3 1 5 4 21 3718 1
4 3 3 2 5 5 525 3718 1
4 3 4 -4 2 -1 15 121 -1
4 3 4 -4 4 -1 3645 40898 1
4 3 4 -3 0 0 1 4 -1
4 3 4 -3 2 0 5 484 1
4 3 4 -3 4 0 6561 81796 1
4 3 4 -2 2 1 375 3388 1
4 3 4 -2 4 1 3645 286286 1
4 3 4 -1 2 2 135 1694 1
4 3 4 -1 4 2 3645 286286 -1
4 3 4 0 4 3 6561 81796 -1
4 3 4 1 4 4 3645 40898 -1
4 3 5 -5 3 -2 525 3718 -1
4 3 5 -5 5 -2 21 338 1
4 3 5 -4 1 -1 3 11 -1
4 3 5 -4 3 -1 21 3718 -1
4 3 5 -4 5 -1 15 169 1
4 3 5 -3 1 0 4 33 -1
4 3 5 -3 3 0 63 1859 1
4 3 5 -3 5 0 9 169 1
4 3 5 -2 1 1 1 44 -1
4 3 5 -2 3 1 343 3718 1
4 3 5 -2 5 1 5 676 1
4 3 5 -1 3 2 55 676 1
4 3 5 -1 5 2 5 676 -1
4 3 5 0 3 3 225 7436 1
4 3 5 0 5 3 9 169 -1
4 3 5 1 5 4 15 169 -1
4 3 5 2 5 5 21 338 -1
4 4 0 0 4 4 1 4 1
4 4 1 -1 3 3 1 3 -1
4 4 1 -1 5 3 1 132 1
4 4 1 0 5 4 3 44 1
4 4 1 1 5 5 15 44 1
4 4 2 -2 2 2 5 14 1
4 4 2 -2 4 2 30 847 -1
4 4 2 -1 4 3 15 121 -1
4 4 2 0 4 4 20 121 -1
4 4 3 -3 1 1 1 3 -1
4 4 3 -3 3 1 21 242 1
4 4 3 -3 5 1 15 1859 -1
4 4 3 -2 3 2 35 242 1
4 4 3 -2 5 2 70 1859 -1
4 4 3 -1 3 3 21 242 1
4 4 3 -1 5 3 168 1859 -1
4 4 3 0 5 4 252 1859 -1
4 4 3 1 5 5 210 1859 -1
4 4 4 -4 0 0 1 4 1
4 4 4 -4 2 0 20 121 -1
4 4 4 -4 4 0 729 20449 1
4 4 4 -3 2 1 15 121 -1
4 4 4 -3 4 1 3645 40898 1
4 4 4 -2 2 2 30 847 -1
4 4 4 -2 4 2 32805 286286 1
4 4 4 -1 4 3 3645 40898 1
4 4 4 0 4 4 729 20449 1
4 4 5 -5 1 -1 15 44 1
4 4 5 -5 3 -1 210 1859 -1
4 4 5 -5 5 -1 3 169 1
4 4 5 -4 1 0 3 44 1
4 4 5 -4 3 0 252 1859 -1
4 4 5 -4 5 0 9 169 1
4 4 5 -3 1 1 1 132 1
4 4 5 -3 3 1 168 1859 -1
4 4 5 -3 5 1 15 169 1
4 4 5 -2 3 2 70 1859 -1
4 4 5 -2 5 2 35 338 1
4 4 5 -1 3 3 15 1859 -1
4 4 5 -1 5 3 15 169 1
4 4 5 0 5 4 9 169 1
4 4 5 1 5 5 3 169 1
5 -5 0 0 5 -5 1 4 1
5 -5 1 1 4 -4 15 44 -1
5 -5 2 0 5 -5 125 676 -1
5 -5 2 1 5 -4 75 676 -1
5 -5 2 2 3 -3 25 66 1
5 -5 2 2 5 -3 25 1014 -1
5 -5 3 1 4 -4 210 1859 1
5 -5 3 2 4 -3 525 3718 1
5 -5 3 3 2 -2 25 66 -1
5 -5 3 3 4 -2 225 3718 1
5 -5 4 0 5 -5 9 169 1
5 -5 4 1 5 -4 18 169 1
5 -5 4 2 3 -3 225 3718 -1
5 -5 4 2 5 -3 18 169 1
5 -5 4 3 3 -2 525 3718 -1
5 -5 4 3 5 -2 21 338 1
5 -5 4 4 1 -1 15 44 1
5 -5 4 4 3 -1 210 1859 -1
5 -5 4 4 5 -1 3 169 1
5 -5 5 1 4 -4 3 169 -1
5 -5 5 2 4 -3 21 338 -1
5 -5 5 3 2 -2 25 1014 1
5 -5 5 3 4 -2 18 169 -1
5 -5 5 4 2 -1 75 676 1
5 -5 5 4 4 -1 18 169 -1
5 -5 5 5 0 0 1 4 -1
5 -5 5 5 2 0 125 676 1
5 -5 5 5 4 0 9 169 -1
5 -4 0 0 5 -4 1 4 1
5 -4 1 0 4 -4 3 44 1
5 -4 1 1 4 -3 3 11 -1
5 -4 2 -1 5 -5 75 676 1
5 -4 2 0 5 -4 5 169 -1
5 -4 2 1 3 -3 5 33 -1
5 -4 2 1 5 -3 245 2028 -1
5 -4 2 2 3 -2 5 22 1
5 -4 2 2 5 -2 10 169 -1
5 -4 3 0 4 -4 252 1859 -1
5 -4 3 1 4 -3 21 3718 -1
5 -4 3 2 2 -2 5 22 1
5 -4 3 2 4 -2 120 1859 1
5 -4 3 3 2 -1 5 33 -1
5 -4 3 3 4 -1 405 3718 1
5 -4 4 -1 5 -5 18 169 -1
5 -4 4 0 5 -4 9 169 -1
5 -4 4 1 3 -3 405 3718 1
5 -4 4 2 3 -2 120 1859 1
5 -4 4 2 5 -2 15 338 1
5 -4 4 3 1 -1 3 11 -1
5 -4 4 3 3 -1 21 3718 -1
5 -4 4 3 5 -1 15 169 1
5 -4 4 4 1 0 3 44 1
5 -4 4 4 3 0 252 1859 -1
5 -4 4 4 5 0 9 169 1
5 -4 5 0 4 -4 9 169 1
5 -4 5 1 4 -3 15 169 1
5 -4 5 2 2 -2 10 169 -1
5 -4 5 2 4 -2 15 338 1
5 -4 5 3 2 -1 245 2028 -1
5 -4 5 4 0 0 1 4 1
5 -4 5 4 2 0 5 169 -1
5 -4 5 4 4 0 9 169 -1
5 -4 5 5 2 1 75 676 1
5 -4 5 5 4 1 18 169 -1
5 -3 0 0 5 -3 1 4 1
5 -3 1 -1 4 -4 1 132 -1
5 -3 1 0 4 -3 4 33 1
5 -3 1 1 4 -2 7 33 -1
5 -3 2 -2 5 -5 25 1014 -1
5 -3 2 -1 5 -4 245 2028 1
5 -3 2 0 3 -3 5 99 1
5 -3 2 0 5 -3 5 6084 1
5 -3 2 1 3 -2 20 99 -1
5 -3 2 1 5 -2 125 1521 -1
5 -3 2 2 3 -1 25 198 1
5 -3 2 2 5 -1 140 1521 -1
5 -3 3 -1 4 -4 168 1859 1
5 -3 3 0 4 -3 63 1859 -1
5 -3 3 1 2 -2 25 198 -1
5 -3 3 1 4 -2 243 3718 -1
5 -3 3 2 2 -1 20 99 1
5 -3 3 2 4 -1 15 3718 1
5 -3 3 3 2 0 5 99 -1
5 -3 3 3 4 0 225 1859 1
5 -3 4 -2 5 -5 18 169 1
5 -3 4 0 3 -3 225 1859 -1
5 -3 4 0 5 -3 9 169 -1
5 -3 4 1 3 -2 15 3718 -1
5 -3 4 1 5 -2 15 338 -1
5 -3 4 2 1 -1 7 33 1
5 -3 4 2 3 -1 243 3718 1
5 -3 4 3 1 0 4 33 -1
5 -3 4 3 3 0 63 1859 1
5 -3 4 3 5 0 9 169 1
5 -3 4 4 1 1 1 132 1
5 -3 4 4 3 1 168 1859 -1
5 -3 4 4 5 1 15 169 1
5 -3 5 -1 4 -4 15 169 -1
5 -3 5 0 4 -3 9 169 -1
5 -3 5 1 2 -2 140 1521 1
5 -3 5 2 2 -1 125 1521 1
5 -3 5 2 4 -1 15 338 1
5 -3 5 3 0 0 1 4 -1
5 -3 5 3 2 0 5 6084 -1
5 -3 5 3 4 0 9 169 1
5 -3 5 4 2 1 245 2028 -1
5 -3 5 5 2 2 25 1014 1
5 -3 5 5 4 2 18 169 -1
5 -2 0 0 5 -2 1 4 1
5 -2 1 -1 4 -3 1 44 -1
5 -2 1 0 4 -2 7 44 1
5 -2 1 1 4 -1 7 44 -1
5 -2 2 -2 5 -4 10 169 -1
5 -2 2 -1 3 -3 5 396 -1
5 -2 2 -1 5 -3 125 1521 1
5 -2 2 0 3 -2 5 44 1
5 -2 2 0 5 -2 5 169 1
5 -2 2 1 3 -1 25 132 -1
5 -2 2 1 5 -1 35 1014 -1
5 -2 2 2 3 0 25 396 1
5 -2 2 2 5 0 175 1521 -1
5 -2 3 -2 4 -4 70 1859 -1
5 -2 3 -1 4 -3 343 3718 1
5 -2 3 0 2 -2 25 396 1
5 -2 3 0 4 -2 3 1859 1
5 -2 3 1 2 -1 25 132 -1
5 -2 3 1 4 -1 128 1859 -1
5 -2 3 2 2 0 5 44 1
5 -2 3 2 4 0 25 1859 -1
5 -2 3 3 2 1 5 396 -1
5 -2 3 3 4 1 375 3718 1
5 -2 4 -3 5 -5 21 338 -1
5 -2 4 -2 5 -4 15 338 1
5 -2 4 -1 3 -3 375 3718 1
5 -2 4 -1 5 -3 15 338 1
5 -2 4 0 3 -2 25 1859 -1
5 -2 4 0 5 -2 1 676 -1
5 -2 4 1 1 -1 7 44 -1
5 -2 4 1 3 -1 128 1859 -1
5 -2 4 1 5 -1 35 676 -1
5 -2 4 2 1 0 7 44 1
5 -2 4 2 3 0 3 1859 1
5 -2 4 2 5 0 21 676 -1
5 -2 4 3 1 1 1 44 -1
5 -2 4 3 3 1 343 3718 1
5 -2 4 3 5 1 5 676 1
5 -2 4 4 3 2 70 1859 -1
5 -2 4 4 5 2 35 338 1
5 -2 5 -2 4 -4 35 338 1
5 -2 5 -1 4 -3 5 676 1
5 -2 5 0 2 -2 175 1521 -1
5 -2 5 0 4 -2 21 676 -1
5 -2 5 1 2 -1 35 1014 -1
5 -2 5 1 4 -1 35 676 -1
5 -2 5 2 0 0 1 4 1
5 -2 5 2 2 0 5 169 1
5 -2 5 2 4 0 1 676 -1
5 -2 5 3 2 1 125 1521 1
5 -2 5 3 4 1 15 338 1
5 -2 5 4 2 2 10 169 -1
5 -2 5 4 4 2 15 338 1
5 -2 5 5 4 3 21 338 -1
5 -1 0 0 5 -1 1 4 1
5 -1 1 -1 4 -2 1 22 -1
5 -1 1 0 4 -1 2 11 1
5 -1 1 1 4 0 5 44 -1
5 -1 2 -2 3 -3 5 2772 1
5 -1 2 -2 5 -3 140 1521 -1
5 -1 2 -1 3 -2 10 231 -1
5 -1 2 -1 5 -2 35 1014 1
5 -1 2 0 3 -1 25 154 1
5 -1 2 0 5 -1 45 676 1
5 -1 2 1 3 0 100 693 -1
5 -1 2 1 5 0 25 6084 -1
5 -1 2 2 3 1 25 924 1
5 -1 2 2 5 1 125 1014 -1
5 -1 3 -3 4 -4 15 1859 1
5 -1 3 -2 4 -3 55 676 -1
5 -1 3 -1 2 -2 25 924 -1
5 -1 3 -1 4 -2 1849 52052 1
5 -1 3 0 2 -1 100 693 1
5 -1 3 0 4 -1 1083 26026 1
5 -1 3 1 2 0 25 154 -1
5 -1 3 1 4 0 55 2366 -1
5 -1 3 2 2 1 10 231 1
5 -1 3 2 4 1 3125 52052 -1
5 -1 3 3 2 2 5 2772 -1
5 -1 3 3 4 2 3375 52052 1
5 -1 4 -4 5 -5 3 169 1
5 -1 4 -3 5 -4 15 169 -1
5 -1 4 -2 3 -3 3375 52052 -1
5 -1 4 -1 3 -2 3125 52052 1
5 -1 4 -1 5 -2 35 676 1
5 -1 4 0 1 -1 5 44 1
5 -1 4 0 3 -1 55 2366 1
5 -1 4 0 5 -1 4 169 1
5 -1 4 1 1 0 2 11 -1
5 -1 4 1 3 0 1083 26026 -1
5 -1 4 1 5 0 3 338 -1
5 -1 4 2 1 1 1 22 1
5 -1 4 2 3 1 1849 52052 -1
5 -1 4 2 5 1 10 169 -1
5 -1 4 3 3 2 55 676 1
5 -1 4 3 5 2 5 676 -1
5 -1 4 4 3 3 15 1859 -1
5 -1 4 4 5 3 15 169 1
5 -1 5 -3 4 -4 15 169 -1
5 -1 5 -2 4 -3 5 676 1
5 -1 5 -1 2 -2 125 1014 1
5 -1 5 -1 4 -2 10 169 1
5 -1 5 0 2 -1 25 6084 1
5 -1 5 0 4 -1 3 338 1
5 -1 5 1 0 0 1 4 -1
5 -1 5 1 2 0 45 676 -1
5 -1 5 1 4 0 4 169 -1
5 -1 5 2 2 1 35 1014 -1
5 -1 5 2 4 1 35 676 -1
5 -1 5 3 2 2 140 1521 1
5 -1 5 4 4 3 15 169 1
5 -1 5 5 4 4 3 169 -1
5 0 0 0 5 0 1 4 1
5 0 1 -1 4 -1 5 66 -1
5 0 1 0 4 0 25 132 1
5 0 1 1 4 1 5 66 -1
5 0 2 -2 3 -2 25 2772 1
5 0 2 -2 5 -2 175 1521 -1
5 0 2 -1 3 -1 125 1386 -1
5 0 2 -1 5 -1 25 6084 1
5 0 2 0 3 0 125 693 1
5 0 2 0 5 0 125 1521 1
5 0 2 1 3 1 125 1386 -1
5 0 2 1 5 1 25 6084 1
5 0 2 2 3 2 25 2772 1
5 0 2 2 5 2 175 1521 -1
5 0 3 -3 4 -3 225 7436 1
5 0 3 -2 2 -2 25 2772 1
5 0 3 -2 4 -2 1200 13013 -1
5 0 3 -1 2 -1 125 1386 -1
5 0 3 -1 4 -1 15 52052 1
5 0 3 0 2 0 125 693 1
5 0 3 0 4 0 900 13013 1
5 0 3 1 2 1 125 1386 -1
5 0 3 1 4 1 15 52052 1
5 0 3 2 2 2 25 2772 1
5 0 3 2 4 2 1200 13013 -1
5 0 3 3 4 3 225 7436 1
5 0 4 -4 5 -4 9 169 1
5 0 4 -3 3 -3 225 7436 1
5 0 4 -3 5 -3 9 169 -1
5 0 4 -2 3 -2 1200 13013 -1
5 0 4 -2 5 -2 21 676 -1
5 0 4 -1 1 -1 5 66 -1
5 0 4 -1 3 -1 15 52052 1
5 0 4 -1 5 -1 3 338 1
5 0 4 0 1 0 25 132 1
5 0 4 0 3 0 900 13013 1
5 0 4 0 5 0 9 169 1
5 0 4 1 1 1 5 66 -1
5 0 4 1 3 1 15 52052 1
5 0 4 1 5 1 3 338 1
5 0 4 2 3 2 1200 13013 -1
5 0 4 2 5 2 21 676 -1
5 0 4 3 3 3 225 7436 1
5 0 4 3 5 3 9 169 -1
5 0 4 4 5 4 9 169 1
5 0 5 -4 4 -4 9 169 1
5 0 5 -3 4 -3 9 169 -1
5 0 5 -2 2 -2 175 1521 -1
5 0 5 -2 4 -2 21 676 -1
5 0 5 -1 2 -1 25 6084 1
5 0 5 -1 4 -1 3 338 1
5 0 5 0 0 0 1 4 1
5 0 5 0 2 0 125 1521 1
5 0 5 0 4 0 9 169 1
5 0 5 1 2 1 25 6084 1
5 0 5 1 4 1 3 338 1
5 0 5 2 2 2 175 1521 -1
5 0 5 2 4 2 21 676 -1
5 0 5 3 4 3 9 169 -1
5 0 5 4 4 4 9 169 1
5 1 0 0 5 1 1 4 1
5 1 1 -1 4 0 5 44 -1
5 1 1 0 4 1 2 11 1
5 1 1 1 4 2 1 22 -1
5 1 2 -2 3 -1 25 924 1
5 1 2 -2 5 -1 125 1014 -1
5 1 2 -1 3 0 100 693 -1
5 1 2 -1 5 0 25 6084 -1
5 1 2 0 3 1 25 154 1
5 1 2 0 5 1 45 676 1
5 1 2 1 3 2 10 231 -1
5 1 2 1 5 2 35 1014 1
5 1 2 2 3 3 5 2772 1
5 1 2 2 5 3 140 1521 -1
5 1 3 -3 2 -2 5 2772 -1
5 1 3 -3 4 -2 3375 52052 1
5 1 3 -2 2 -1 10 231 1
5 1 3 -2 4 -1 3125 52052 -1
5 1 3 -1 2 0 25 154 -1
5 1 3 -1 4 0 55 2366 -1
5 1 3 0 2 1 100 693 1
5 1 3 0 4 1 1083 26026 1
5 1 3 1 2 2 25 924 -1
5 1 3 1 4 2 1849 52052 1
5 1 3 2 4 3 55 676 -1
5 1 3 3 4 4 15 1859 1
5 1 4 -4 3 -3 15 1859 -1
5 1 4 -4 5 -3 15 169 1
5 1 4 -3 3 -2 55 676 1
5 1 4 -3 5 -2 5 676 -1
5 1 4 -2 1 -1 1 22 1
5 1 4 -2 3 -1 1849 52052 -1
5 1 4 -2 5 -1 10 169 -1
5 1 4 -1 1 0 2 11 -1
5 1 4 -1 3 0 1083 26026 -1
5 1 4 -1 5 0 3 338 -1
5 1 4 0 1 1 5 44 1
5 1 4 0 3 1 55 2366 1
5 1 4 0 5 1 4 169 1
5 1 4 1 3 2 3125 52052 1
5 1 4 1 5 2 35 676 1
5 1 4 2 3 3 3375 52052 -1
5 1 4 3 5 4 15 169 -1
5 1 4 4 5 5 3 169 1
5 1 5 -5 4 -4 3 169 -1
5 1 5 -4 4 -3 15 169 1
5 1 5 -3 2 -2 140 1521 1
5 1 5 -2 2 -1 35 1014 -1
5 1 5 -2 4 -1 35 676 -1
5 1 5 -1 0 0 1 4 -1
5 1 5 -1 2 0 45 676 -1
5 1 5 -1 4 0 4 169 -1
5 1 5 0 2 1 25 6084 1
5 1 5 0 4 1 3 338 1
5 1 5 1 2 2 125 1014 1
5 1 5 1 4 2 10 169 1
5 1 5 2 4 3 5 676 1
5 1 5 3 4 4 15 169 -1
5 2 0 0 5 2 1 4 1
5 2 1 -1 4 1 7 44 -1
5 2 1 0 4 2 7 44 1
5 2 1 1 4 3 1 44 -1
5 2 2 -2 3 0 25 396 1
5 2 2 -2 5 0 175 1521 -1
5 2 2 -1 3 1 25 132 -1
5 2 2 -1 5 1 35 1014 -1
5 2 2 0 3 2 5 44 1
5 2 2 0 5 2 5 169 1
5 2 2 1 3 3 5 396 -1
5 2 2 1 5 3 125 1521 1
5 2 2 2 5 4 10 169 -1
5 2 3 -3 2 -1 5 396 -1
5 2 3 -3 4 -1 375 3718 1
5 2 3 -2 2 0 5 44 1
5 2 3 -2 4 0 25 1859 -1
5 2 3 -1 2 1 25 132 -1
5 2 3 -1 4 1 128 1859 -1
5 2 3 0 2 2 25 396 1
5 2 3 0 4 2 3 1859 1
5 2 3 1 4 3 343 3718 1
5 2 3 2 4 4 70 1859 -1
5 2 4 -4 3 -2 70 1859 -1
5 2 4 -4 5 -2 35 338 1
5 2 4 -3 1 -1 1 44 -1
5 2 4 -3 3 -1 343 3718 1
5 2 4 -3 5 -1 5 676 1
5 2 4 -2 1 0 7 44 1
5 2 4 -2 3 0 3 1859 1
5 2 4 -2 5 0 21 676 -1
5 2 4 -1 1 1 7 44 -1
5 2 4 -1 3 1 128 1859 -1
5 2 4 -1 5 1 35 676 -1
5 2 4 0 3 2 25 1859 -1
5 2 4 0 5 2 1 676 -1
5 2 4 1 3 3 375 3718 1
5 2 4 1 5 3 15 338 1
5 2 4 2 5 4 15 338 1
5 2 4 3 5 5 21 338 -1
5 2 5 -5 4 -3 21 338 -1
5 2 5 -4 2 -2 10 169 -1
5 2 5 -4 4 -2 15 338 1
5 2 5 -3 2 -1 125 1521 1
5 2 5 -3 4 -1 15 338 1
5 2 5 -2 0 0 1 4 1
5 2 5 -2 2 0 5 169 1
5 2 5 -2 4 0 1 676 -1
5 2 5 -1 2 1 35 1014 -1
5 2 5 -1 4 1 35 676 -1
5 2 5 0 2 2 175 1521 -1
5 2 5 0 4 2 21 676 -1
5 2 5 1 4 3 5 676 1
5 2 5 2 4 4 35 338 1
5 3 0 0 5 3 1 4 1
5 3 1 -1 4 2 7 33 -1
5 3 1 0 4 3 4 33 1
5 3 1 1 4 4 1 132 -1
5 3 2 -2 3 1 25 198 1
5 3 2 -2 5 1 140 1521 -1
5 3 2 -1 3 2 20 99 -1
5 3 2 -1 5 2 125 1521 -1
5 3 2 0 3 3 5 99 1
5 3 2 0 5 3 5 6084 1
5 3 2 1 5 4 245 2028 1
5 3 2 2 5 5 25 1014 -1
5 3 3 -3 2 0 5 99 -1
5 3 3 -3 4 0 225 1859 1
5 3 3 -2 2 1 20 99 1
5 3 3 -2 4 1 15 3718 1
5 3 3 -1 2 2 25 198 -1
5 3 3 -1 4 2 243 3718 -1
5 3 3 0 4 3 63 1859 -1
5 3 3 1 4 4 168 1859 1
5 3 4 -4 1 -1 1 132 1
5 3 4 -4 3 -1 168 1859 -1
5 3 4 -4 5 -1 15 169 1
5 3 4 -3 1 0 4 33 -1
5 3 4 -3 3 0 63 1859 1
5 3 4 -3 5 0 9 169 1
5 3 4 -2 1 1 7 33 1
5 3 4 -2 3 1 243 3718 1
5 3 4 -1 3 2 15 3718 -1
5 3 4 -1 5 2 15 338 -1
5 3 4 0 3 3 225 1859 -1
5 3 4 0 5 3 9 169 -1
5 3 4 2 5 5 18 169 1
5 3 5 -5 2 -2 25 1014 1
5 3 5 -5 4 -2 18 169 -1
5 3 5 -4 2 -1 245 2028 -1
5 3 5 -3 0 0 1 4 -1
5 3 5 -3 2 0 5 6084 -1
5 3 5 -3 4 0 9 169 1
5 3 5 -2 2 1 125 1521 1
5 3 5 -2 4 1 15 338 1
5 3 5 -1 2 2 140 1521 1
5 3 5 0 4 3 9 169 -1
5 3 5 1 4 4 15 169 -1
5 4 0 0 5 4 1 4 1
5 4 1 -1 4 3 3 11 -1
5 4 1 0 4 4 3 44 1
5 4 2 -2 3 2 5 22 1
5 4 2 -2 5 2 10 169 -1
5 4 2 -1 3 3 5 33 -1
5 4 2 -1 5 3 245 2028 -1
5 4 2 0 5 4 5 169 -1
5 4 2 1 5 5 75 676 1
5 4 3 -3 2 1 5 33 -1
5 4 3 -3 4 1 405 3718 1
5 4 3 -2 2 2 5 22 1
5 4 3 -2 4 2 120 1859 1
5 4 3 -1 4 3 21 3718 -1
5 4 3 0 4 4 252 1859 -1
5 4 4 -4 1 0 3 44 1
5 4 4 -4 3 0 252 1859 -1
5 4 4 -4 5 0 9 169 1
5 4 4 -3 1 1 3 11 -1
5 4 4 -3 3 1 21 3718 -1
5 4 4 -3 5 1 15 169 1
5 4 4 -2 3 2 120 1859 1
5 4 4 -2 5 2 15 338 1
5 4 4 -1 3 3 405 3718 1
5 4 4 0 5 4 9 169 -1
5 4 4 1 5 5 18 169 -1
5 4 5 -5 2 -1 75 676 1
5 4 5 -5 4 -1 18 169 -1
5 4 5 -4 0 0 1 4 1
5 4 5 -4 2 0 5 169 -1
5 4 5 -4 4 0 9 169 -1
5 4 5 -3 2 1 245 2028 -1
5 4 5 -2 2 2 10 169 -1
5 4 5 -2 4 2 15 338 1
5 4 5 -1 4 3 15 169 1
5 4 5 0 4 4 9 169 1
5 5 0 0 5 5 1 4 1
5 5 1 -1 4 4 15 44 -1
5 5 2 -2 3 3 25 66 1
5 5 2 -2 5 3 25 1014 -1
5 5 2 -1 5 4 75 676 -1
5 5 2 0 5 5 125 676 -1
5 5 3 -3 2 2 25 66 -1
5 5 3 -3 4 2 225 3718 1
5 5 3 -2 4 3 525 3718 1
5 5 3 -1 4 4 210 1859 1
5 5 4 -4 1 1 15 44 1
5 5 4 -4 3 1 210 1859 -1
5 5 4 -4 5 1 3 169 1
5 5 4 -3 3 2 525 3718 -1
5 5 4 -3 5 2 21 338 1
5 5 4 -2 3 3 225 3718 -1
5 5 4 -2 5 3 18 169 1
5 5 4 -1 5 4 18 169 1
5 5 4 0 5 5 9 169 1
5 5 5 -5 0 0 1 4 -1
5 5 5 -5 2 0 125 676 1
5 5 5 -5 4 0 9 169 -1
5 5 5 -4 2 1 75 676 1
5 5 5 -4 4 1 18 169 -1
5 5 5 -3 2 2 25 1014 1
5 5 5 -3 4 2 18 169 -1
5 5 5 -2 4 3 21 338 -1
5 5 5 -1 4 4 3 169 -1
