4
798
0 0 0 0 0 0 1 4 1
0 0 1 -1 1 -1 1 4 1
0 0 1 0 1 0 1 4 1
0 0 1 1 1 1 1 4 1
0 0 2 -2 2 -2 1 4 1
0 0 2 -1 2 -1 1 4 1
0 0 2 0 2 0 1 4 1
0 0 2 1 2 1 1 4 1
0 0 2 2 2 2 1 4 1
0 0 3 -3 3 -3 1 4 1
0 0 3 -2 3 -2 1 4 1
0 0 3 -1 3 -1 1 4 1
0 0 3 0 3 0 1 4 1
0 0 3 1 3 1 1 4 1
0 0 3 2 3 2 1 4 1
0 0 3 3 3 3 1 4 1
0 0 4 -4 4 -4 1 4 1
0 0 4 -3 4 -3 1 4 1
0 0 4 -2 4 -2 1 4 1
0 0 4 -1 4 -1 1 4 1
0 0 4 0 4 0 1 4 1
0 0 4 1 4 1 1 4 1
0 0 4 2 4 2 1 4 1
0 0 4 3 4 3 1 4 1
0 0 4 4 4 4 1 4 1
1 -1 0 0 1 -1 1 4 1
1 -1 1 -1 2 -2 3 10 1
1 -1 1 0 2 -1 3 20 1
1 -1 1 1 0 0 1 4 -1
1 -1 1 1 2 0 1 20 1
1 -1 2 -2 3 -3 9 28 1
1 -1 2 -1 3 -2 3 14 1
1 -1 2 0 1 -1 1 20 -1
1 -1 2 0 3 -1 9 70 1
1 -1 2 1 1 0 3 20 -1
1 -1 2 1 3 0 9 140 1
1 -1 2 2 1 1 3 10 -1
1 -1 2 2 3 1 3 140 1
1 -1 3 -3 4 -4 1 3 1
1 -1 3 -2 4 -3 1 4 1
1 -1 3 -1 2 -2 3 140 -1
1 -1 3 -1 4 -2 5 28 1
1 -1 3 0 2 -1 9 140 -1
1 -1 3 0 4 -1 5 42 1
1 -1 3 1 2 0 9 70 -1
1 -1 3 1 4 0 1 14 1
1 -1 3 2 2 1 3 14 -1
1 -1 3 2 4 1 1 28 1
1 -1 3 3 2 2 9 28 -1
1 -1 3 3 4 2 1 84 1
1 -1 4 -2 3 -3 1 84 -1
1 -1 4 -1 3 -2 1 28 -1
1 -1 4 0 3 -1 1 14 -1
1 -1 4 1 3 0 5 42 -1
1 -1 4 2 3 1 5 28 -1
1 -1 4 3 3 2 1 4 -1
1 -1 4 4 3 3 1 3 -1
1 0 0 0 1 0 1 4 1
1 0 1 -1 2 -1 3 20 1
1 0 1 0 0 0 1 4 1
1 0 1 0 2 0 1 5 1
1 0 1 1 2 1 3 20 1
1 0 2 -2 3 -2 3 28 1
1 0 2 -1 1 -1 3 20 1
1 0 2 -1 3 -1 6 35 1
1 0 2 0 1 0 1 5 1
1 0 2 0 3 0 27 140 1
1 0 2 1 1 1 3 20 1
1 0 2 1 3 1 6 35 1
1 0 2 2 3 2 3 28 1
1 0 3 -3 4 -3 1 12 1
1 0 3 -2 2 -2 3 28 1
1 0 3 -2 4 -2 1 7 1
1 0 3 -1 2 -1 6 35 1
1 0 3 -1 4 -1 5 28 1
1 0 3 0 2 0 27 140 1
1 0 3 0 4 0 4 21 1
1 0 3 1 2 1 6 35 1
1 0 3 1 4 1 5 28 1
1 0 3 2 2 2 3 28 1
1 0 3 2 4 2 1 7 1
1 0 3 3 4 3 1 12 1
1 0 4 -3 3 -3 1 12 1
1 0 4 -2 3 -2 1 7 1
1 0 4 -1 3 -1 5 28 1
1 0 4 0 3 0 4 21 1
1 0 4 1 3 1 5 28 1
1 0 4 2 3 2 1 7 1
1 0 4 3 3 3 1 12 1
1 1 0 0 1 1 1 4 1
1 1 1 -1 0 0 1 4 -1
1 1 1 -1 2 0 1 20 1
1 1 1 0 2 1 3 20 1
1 1 1 1 2 2 3 10 1
1 1 2 -2 1 -1 3 10 -1
1 1 2 -2 3 -1 3 140 1
1 1 2 -1 1 0 3 20 -1
1 1 2 -1 3 0 9 140 1
1 1 2 0 1 1 1 20 -1
1 1 2 0 3 1 9 70 1
1 1 2 1 3 2 3 14 1
1 1 2 2 3 3 9 28 1
1 1 3 -3 2 -2 9 28 -1
1 1 3 -3 4 -2 1 84 1
1 1 3 -2 2 -1 3 14 -1
1 1 3 -2 4 -1 1 28 1
1 1 3 -1 2 0 9 70 -1
1 1 3 -1 4 0 1 14 1
1 1 3 0 2 1 9 140 -1
1 1 3 0 4 1 5 42 1
1 1 3 1 2 2 3 140 -1
1 1 3 1 4 2 5 28 1
1 1 3 2 4 3 1 4 1
1 1 3 3 4 4 1 3 1
1 1 4 -4 3 -3 1 3 -1
1 1 4 -3 3 -2 1 4 -1
1 1 4 -2 3 -1 5 28 -1
1 1 4 -1 3 0 5 42 -1
1 1 4 0 3 1 1 14 -1
1 1 4 1 3 2 1 28 -1
1 1 4 2 3 3 1 84 -1
2 -2 0 0 2 -2 1 4 1
2 -2 1 -1 3 -3 9 28 1
2 -2 1 0 3 -2 3 28 1
2 -2 1 1 1 -1 3 10 -1
2 -2 1 1 3 -1 3 140 1
2 -2 2 -2 4 -4 5 14 1
2 -2 2 -1 4 -3 5 28 1
2 -2 2 0 2 -2 5 49 -1
2 -2 2 0 4 -2 15 196 1
2 -2 2 1 2 -1 15 98 -1
2 -2 2 1 4 -1 5 196 1
2 -2 2 2 0 0 1 4 1
2 -2 2 2 2 0 5 49 -1
2 -2 2 2 4 0 1 196 1
2 -2 3 -1 3 -3 1 18 -1
2 -2 3 0 3 -2 1 9 -1
2 -2 3 1 1 -1 3 140 1
2 -2 3 1 3 -1 2 15 -1
2 -2 3 2 1 0 3 28 1
2 -2 3 2 3 0 1 9 -1
2 -2 3 3 1 1 9 28 1
2 -2 3 3 3 1 1 18 -1
2 -2 4 -2 4 -4 30 847 -1
2 -2 4 -1 4 -3 135 1694 -1
2 -2 4 0 2 -2 1 196 1
2 -2 4 0 4 -2 675 5929 -1
2 -2 4 1 2 -1 5 196 1
2 -2 4 1 4 -1 750 5929 -1
2 -2 4 2 2 0 15 196 1
2 -2 4 2 4 0 675 5929 -1
2 -2 4 3 2 1 5 28 1
2 -2 4 3 4 1 135 1694 -1
2 -2 4 4 2 2 5 14 1
2 -2 4 4 4 2 30 847 -1
2 -1 0 0 2 -1 1 4 1
2 -1 1 -1 3 -2 3 14 1
2 -1 1 0 1 -1 3 20 1
2 -1 1 0 3 -1 6 35 1
2 -1 1 1 1 0 3 20 -1
2 -1 1 1 3 0 9 140 1
2 -1 2 -2 4 -3 5 28 1
2 -1 2 -1 2 -2 15 98 1
2 -1 2 -1 4 -2 10 49 1
2 -1 2 0 2 -1 5 196 1
2 -1 2 0 4 -1 15 98 1
2 -1 2 1 0 0 1 4 -1
2 -1 2 1 2 0 5 196 -1
2 -1 2 1 4 0 4 49 1
2 -1 2 2 2 1 15 98 -1
2 -1 2 2 4 1 5 196 1
2 -1 3 -2 3 -3 5 36 1
2 -1 3 -1 3 -2 1 12 1
2 -1 3 0 1 -1 9 140 -1
2 -1 3 0 3 -1 1 90 1
2 -1 3 1 1 0 6 35 -1
2 -1 3 1 3 0 1 90 -1
2 -1 3 2 1 1 3 14 -1
2 -1 3 2 3 1 1 12 -1
2 -1 3 3 3 2 5 36 -1
2 -1 4 -3 4 -4 15 121 1
2 -1 4 -2 4 -3 375 3388 1
2 -1 4 -1 2 -2 5 196 -1
2 -1 4 -1 4 -2 1215 23716 1
2 -1 4 0 2 -1 4 49 -1
2 -1 4 0 4 -1 75 11858 1
2 -1 4 1 2 0 15 98 -1
2 -1 4 1 4 0 75 11858 -1
2 -1 4 2 2 1 10 49 -1
2 -1 4 2 4 1 1215 23716 -1
2 -1 4 3 2 2 5 28 -1
2 -1 4 3 4 2 375 3388 -1
2 -1 4 4 4 3 15 121 -1
2 0 0 0 2 0 1 4 1
2 0 1 -1 1 -1 1 20 -1
2 0 1 -1 3 -1 9 70 1
2 0 1 0 1 0 1 5 1
2 0 1 0 3 0 27 140 1
2 0 1 1 1 1 1 20 -1
2 0 1 1 3 1 9 70 1
2 0 2 -2 2 -2 5 49 -1
2 0 2 -2 4 -2 15 196 1
2 0 2 -1 2 -1 5 196 1
2 0 2 -1 4 -1 15 98 1
2 0 2 0 0 0 1 4 1
2 0 2 0 2 0 5 49 1
2 0 2 0 4 0 9 49 1
2 0 2 1 2 1 5 196 1
2 0 2 1 4 1 15 98 1
2 0 2 2 2 2 5 49 -1
2 0 2 2 4 2 15 196 1
2 0 3 -3 3 -3 5 36 -1
2 0 3 -1 1 -1 9 70 1
2 0 3 -1 3 -1 1 20 1
2 0 3 0 1 0 27 140 1
2 0 3 0 3 0 4 45 1
2 0 3 1 1 1 9 70 1
2 0 3 1 3 1 1 20 1
2 0 3 3 3 3 5 36 -1
2 0 4 -4 4 -4 20 121 -1
2 0 4 -3 4 -3 5 484 -1
2 0 4 -2 2 -2 15 196 1
2 0 4 -2 4 -2 80 5929 1
2 0 4 -1 2 -1 15 98 1
2 0 4 -1 4 -1 1445 23716 1
2 0 4 0 2 0 9 49 1
2 0 4 0 4 0 500 5929 1
2 0 4 1 2 1 15 98 1
2 0 4 1 4 1 1445 23716 1
2 0 4 2 2 2 15 196 1
2 0 4 2 4 2 80 5929 1
2 0 4 3 4 3 5 484 -1
2 0 4 4 4 4 20 121 -1
2 1 0 0 2 1 1 4 1
2 1 1 -1 1 0 3 20 -1
2 1 1 -1 3 0 9 140 1
2 1 1 0 1 1 3 20 1
2 1 1 0 3 1 6 35 1
2 1 1 1 3 2 3 14 1
2 1 2 -2 2 -1 15 98 -1
2 1 2 -2 4 -1 5 196 1
2 1 2 -1 0 0 1 4 -1
2 1 2 -1 2 0 5 196 -1
2 1 2 -1 4 0 4 49 1
2 1 2 0 2 1 5 196 1
2 1 2 0 4 1 15 98 1
2 1 2 1 2 2 15 98 1
2 1 2 1 4 2 10 49 1
2 1 2 2 4 3 5 28 1
2 1 3 -3 3 -2 5 36 -1
2 1 3 -2 1 -1 3 14 -1
2 1 3 -2 3 -1 1 12 -1
2 1 3 -1 1 0 6 35 -1
2 1 3 -1 3 0 1 90 -1
2 1 3 0 1 1 9 140 -1
2 1 3 0 3 1 1 90 1
2 1 3 1 3 2 1 12 1
2 1 3 2 3 3 5 36 1
2 1 4 -4 4 -3 15 121 -1
2 1 4 -3 2 -2 5 28 -1
2 1 4 -3 4 -2 375 3388 -1
2 1 4 -2 2 -1 10 49 -1
2 1 4 -2 4 -1 1215 23716 -1
2 1 4 -1 2 0 15 98 -1
2 1 4 -1 4 0 75 11858 -1
2 1 4 0 2 1 4 49 -1
2 1 4 0 4 1 75 11858 1
2 1 4 1 2 2 5 196 -1
2 1 4 1 4 2 1215 23716 1
2 1 4 2 4 3 375 3388 1
2 1 4 3 4 4 15 121 1
2 2 0 0 2 2 1 4 1
2 2 1 -1 1 1 3 10 -1
2 2 1 -1 3 1 3 140 1
2 2 1 0 3 2 3 28 1
2 2 1 1 3 3 9 28 1
2 2 2 -2 0 0 1 4 1
2 2 2 -2 2 0 5 49 -1
2 2 2 -2 4 0 1 196 1
2 2 2 -1 2 1 15 98 -1
2 2 2 -1 4 1 5 196 1
2 2 2 0 2 2 5 49 -1
2 2 2 0 4 2 15 196 1
2 2 2 1 4 3 5 28 1
2 2 2 2 4 4 5 14 1
2 2 3 -3 1 -1 9 28 1
2 2 3 -3 3 -1 1 18 -1
2 2 3 -2 1 0 3 28 1
2 2 3 -2 3 0 1 9 -1
2 2 3 -1 1 1 3 140 1
2 2 3 -1 3 1 2 15 -1
2 2 3 0 3 2 1 9 -1
2 2 3 1 3 3 1 18 -1
2 2 4 -4 2 -2 5 14 1
2 2 4 -4 4 -2 30 847 -1
2 2 4 -3 2 -1 5 28 1
2 2 4 -3 4 -1 135 1694 -1
2 2 4 -2 2 0 15 196 1
2 2 4 -2 4 0 675 5929 -1
2 2 4 -1 2 1 5 196 1
2 2 4 -1 4 1 750 5929 -1
2 2 4 0 2 2 1 196 1
2 2 4 0 4 2 675 5929 -1
2 2 4 1 4 3 135 1694 -1
2 2 4 2 4 4 30 847 -1
3 -3 0 0 3 -3 1 4 1
3 -3 1 -1 4 -4 1 3 1
3 -3 1 0 4 -3 1 12 1
3 -3 1 1 2 -2 9 28 -1
3 -3 1 1 4 -2 1 84 1
3 -3 2 0 3 -3 5 36 -1
3 -3 2 1 3 -2 5 36 -1
3 -3 2 2 1 -1 9 28 1
3 -3 2 2 3 -1 1 18 -1
3 -3 3 -1 4 -4 21 242 -1
3 -3 3 0 4 -3 63 484 -1
3 -3 3 1 2 -2 1 18 1
3 -3 3 1 4 -2 27 242 -1
3 -3 3 2 2 -1 5 36 1
3 -3 3 2 4 -1 15 242 -1
3 -3 3 3 0 0 1 4 -1
3 -3 3 3 2 0 5 36 1
3 -3 3 3 4 0 9 484 -1
3 -3 4 0 3 -3 9 484 1
3 -3 4 1 3 -2 15 242 1
3 -3 4 2 1 -1 1 84 -1
3 -3 4 2 3 -1 27 242 1
3 -3 4 3 1 0 1 12 -1
3 -3 4 3 3 0 63 484 1
3 -3 4 4 1 1 1 3 -1
3 -3 4 4 3 1 21 242 1
3 -2 0 0 3 -2 1 4 1
3 -2 1 -1 4 -3 1 4 1
3 -2 1 0 2 -2 3 28 1
3 -2 1 0 4 -2 1 7 1
3 -2 1 1 2 -1 3 14 -1
3 -2 1 1 4 -1 1 28 1
3 -2 2 -1 3 -3 5 36 1
3 -2 2 1 1 -1 3 14 -1
3 -2 2 1 3 -1 1 12 -1
3 -2 2 2 1 0 3 28 1
3 -2 2 2 3 0 1 9 -1
3 -2 3 -2 4 -4 35 242 1
3 -2 3 -1 4 -3 7 242 1
3 -2 3 0 2 -2 1 9 -1
3 -2 3 0 4 -2 3 484 -1
3 -2 3 1 2 -1 1 12 -1
3 -2 3 1 4 -1 8 121 -1
3 -2 3 2 0 0 1 4 1
3 -2 3 2 4 0 49 484 -1
3 -2 3 3 2 1 5 36 1
3 -2 3 3 4 1 15 242 -1
3 -2 4 -1 3 -3 15 242 -1
3 -2 4 0 3 -2 49 484 -1
3 -2 4 1 1 -1 1 28 1
3 -2 4 1 3 -1 8 121 -1
3 -2 4 2 1 0 1 7 1
3 -2 4 2 3 0 3 484 -1
3 -2 4 3 1 1 1 4 1
3 -2 4 3 3 1 7 242 1
3 -2 4 4 3 2 35 242 1
3 -1 0 0 3 -1 1 4 1
3 -1 1 -1 2 -2 3 140 -1
3 -1 1 -1 4 -2 5 28 1
3 -1 1 0 2 -1 6 35 1
3 -1 1 0 4 -1 5 28 1
3 -1 1 1 2 0 9 70 -1
3 -1 1 1 4 0 1 14 1
3 -1 2 -2 3 -3 1 18 -1
3 -1 2 -1 3 -2 1 12 1
3 -1 2 0 1 -1 9 70 1
3 -1 2 0 3 -1 1 20 1
3 -1 2 1 1 0 6 35 -1
3 -1 2 1 3 0 1 90 -1
3 -1 2 2 1 1 3 140 1
3 -1 2 2 3 1 2 15 -1
3 -1 3 -3 4 -4 21 242 -1
3 -1 3 -2 4 -3 7 242 1
3 -1 3 -1 2 -2 2 15 1
3 -1 3 -1 4 -2 10 121 1
3 -1 3 0 2 -1 1 90 1
3 -1 3 0 4 -1 15 484 1
3 -1 3 1 0 0 1 4 -1
3 -1 3 1 2 0 1 20 -1
3 -1 3 1 4 0 1 484 -1
3 -1 3 2 2 1 1 12 -1
3 -1 3 2 4 1 8 121 -1
3 -1 3 3 2 2 1 18 1
3 -1 3 3 4 2 27 242 -1
3 -1 4 -2 3 -3 27 242 1
3 -1 4 -1 3 -2 8 121 1
3 -1 4 0 1 -1 1 14 -1
3 -1 4 0 3 -1 1 484 1
3 -1 4 1 1 0 5 28 -1
3 -1 4 1 3 0 15 484 -1
3 -1 4 2 1 1 5 28 -1
3 -1 4 2 3 1 10 121 -1
3 -1 4 3 3 2 7 242 -1
3 -1 4 4 3 3 21 242 1
3 0 0 0 3 0 1 4 1
3 0 1 -1 2 -1 9 140 -1
3 0 1 -1 4 -1 5 42 1
3 0 1 0 2 0 27 140 1
3 0 1 0 4 0 4 21 1
3 0 1 1 2 1 9 140 -1
3 0 1 1 4 1 5 42 1
3 0 2 -2 3 -2 1 9 -1
3 0 2 -1 1 -1 9 140 -1
3 0 2 -1 3 -1 1 90 1
3 0 2 0 1 0 27 140 1
3 0 2 0 3 0 4 45 1
3 0 2 1 1 1 9 140 -1
3 0 2 1 3 1 1 90 1
3 0 2 2 3 2 1 9 -1
3 0 3 -3 4 -3 63 484 -1
3 0 3 -2 2 -2 1 9 -1
3 0 3 -2 4 -2 3 484 -1
3 0 3 -1 2 -1 1 90 1
3 0 3 -1 4 -1 15 484 1
3 0 3 0 0 0 1 4 1
3 0 3 0 2 0 4 45 1
3 0 3 0 4 0 9 121 1
3 0 3 1 2 1 1 90 1
3 0 3 1 4 1 15 484 1
3 0 3 2 2 2 1 9 -1
3 0 3 2 4 2 3 484 -1
3 0 3 3 4 3 63 484 -1
3 0 4 -3 3 -3 63 484 -1
3 0 4 -2 3 -2 3 484 -1
3 0 4 -1 1 -1 5 42 1
3 0 4 -1 3 -1 15 484 1
3 0 4 0 1 0 4 21 1
3 0 4 0 3 0 9 121 1
3 0 4 1 1 1 5 42 1
3 0 4 1 3 1 15 484 1
3 0 4 2 3 2 3 484 -1
3 0 4 3 3 3 63 484 -1
3 1 0 0 3 1 1 4 1
3 1 1 -1 2 0 9 70 -1
3 1 1 -1 4 0 1 14 1
3 1 1 0 2 1 6 35 1
3 1 1 0 4 1 5 28 1
3 1 1 1 2 2 3 140 -1
3 1 1 1 4 2 5 28 1
3 1 2 -2 1 -1 3 140 1
3 1 2 -2 3 -1 2 15 -1
3 1 2 -1 1 0 6 35 -1
3 1 2 -1 3 0 1 90 -1
3 1 2 0 1 1 9 70 1
3 1 2 0 3 1 1 20 1
3 1 2 1 3 2 1 12 1
3 1 2 2 3 3 1 18 -1
3 1 3 -3 2 -2 1 18 1
3 1 3 -3 4 -2 27 242 -1
3 1 3 -2 2 -1 1 12 -1
3 1 3 -2 4 -1 8 121 -1
3 1 3 -1 0 0 1 4 -1
3 1 3 -1 2 0 1 20 -1
3 1 3 -1 4 0 1 484 -1
3 1 3 0 2 1 1 90 1
3 1 3 0 4 1 15 484 1
3 1 3 1 2 2 2 15 1
3 1 3 1 4 2 10 121 1
3 1 3 2 4 3 7 242 1
3 1 3 3 4 4 21 242 -1
3 1 4 -4 3 -3 21 242 1
3 1 4 -3 3 -2 7 242 -1
3 1 4 -2 1 -1 5 28 -1
3 1 4 -2 3 -1 10 121 -1
3 1 4 -1 1 0 5 28 -1
3 1 4 -1 3 0 15 484 -1
3 1 4 0 1 1 1 14 -1
3 1 4 0 3 1 1 484 1
3 1 4 1 3 2 8 121 1
3 1 4 2 3 3 27 242 1
3 2 0 0 3 2 1 4 1
3 2 1 -1 2 1 3 14 -1
3 2 1 -1 4 1 1 28 1
3 2 1 0 2 2 3 28 1
3 2 1 0 4 2 1 7 1
3 2 1 1 4 3 1 4 1
3 2 2 -2 1 0 3 28 1
3 2 2 -2 3 0 1 9 -1
3 2 2 -1 1 1 3 14 -1
3 2 2 -1 3 1 1 12 -1
3 2 2 1 3 3 5 36 1
3 2 3 -3 2 -1 5 36 1
3 2 3 -3 4 -1 15 242 -1
3 2 3 -2 0 0 1 4 1
3 2 3 -2 4 0 49 484 -1
3 2 3 -1 2 1 1 12 -1
3 2 3 -1 4 1 8 121 -1
3 2 3 0 2 2 1 9 -1
3 2 3 0 4 2 3 484 -1
3 2 3 1 4 3 7 242 1
3 2 3 2 4 4 35 242 1
3 2 4 -4 3 -2 35 242 1
3 2 4 -3 1 -1 1 4 1
3 2 4 -3 3 -1 7 242 1
3 2 4 -2 1 0 1 7 1
3 2 4 -2 3 0 3 484 -1
3 2 4 -1 1 1 1 28 1
3 2 4 -1 3 1 8 121 -1
3 2 4 0 3 2 49 484 -1
3 2 4 1 3 3 15 242 -1
3 3 0 0 3 3 1 4 1
3 3 1 -1 2 2 9 28 -1
3 3 1 -1 4 2 1 84 1
3 3 1 0 4 3 1 12 1
3 3 1 1 4 4 1 3 1
3 3 2 -2 1 1 9 28 1
3 3 2 -2 3 1 1 18 -1
3 3 2 -1 3 2 5 36 -1
3 3 2 0 3 3 5 36 -1
3 3 3 -3 0 0 1 4 -1
3 3 3 -3 2 0 5 36 1
3 3 3 -3 4 0 9 484 -1
3 3 3 -2 2 1 5 36 1
3 3 3 -2 4 1 15 242 -1
3 3 3 -1 2 2 1 18 1
3 3 3 -1 4 2 27 242 -1
3 3 3 0 4 3 63 484 -1
3 3 3 1 4 4 21 242 -1
3 3 4 -4 1 -1 1 3 -1
3 3 4 -4 3 -1 21 242 1
3 3 4 -3 1 0 1 12 -1
3 3 4 -3 3 0 63 484 1
3 3 4 -2 1 1 1 84 -1
3 3 4 -2 3 1 27 242 1
3 3 4 -1 3 2 15 242 1
3 3 4 0 3 3 9 484 1
4 -4 0 0 4 -4 1 4 1
4 -4 1 1 3 -3 1 3 -1
4 -4 2 0 4 -4 20 121 -1
4 -4 2 1 4 -3 15 121 -1
4 -4 2 2 2 -2 5 14 1
4 -4 2 2 4 -2 30 847 -1
4 -4 3 1 3 -3 21 242 1
4 -4 3 2 3 -2 35 242 1
4 -4 3 3 1 -1 1 3 -1
4 -4 3 3 3 -1 21 242 1
4 -4 4 0 4 -4 729 20449 1
4 -4 4 1 4 -3 3645 40898 1
4 -4 4 2 2 -2 30 847 -1
4 -4 4 2 4 -2 32805 286286 1
4 -4 4 3 2 -1 15 121 -1
4 -4 4 3 4 -1 3645 40898 1
4 -4 4 4 0 0 1 4 1
4 -4 4 4 2 0 20 121 -1
4 -4 4 4 4 0 729 20449 1
4 -3 0 0 4 -3 1 4 1
4 -3 1 0 3 -3 1 12 1
4 -3 1 1 3 -2 1 4 -1
4 -3 2 -1 4 -4 15 121 1
4 -3 2 0 4 -3 5 484 -1
4 -3 2 1 2 -2 5 28 -1
4 -3 2 1 4 -2 375 3388 -1
4 -3 2 2 2 -1 5 28 1
4 -3 2 2 4 -1 135 1694 -1
4 -3 3 0 3 -3 63 484 -1
4 -3 3 1 3 -2 7 242 -1
4 -3 3 2 1 -1 1 4 1
4 -3 3 2 3 -1 7 242 1
4 -3 3 3 1 0 1 12 -1
4 -3 3 3 3 0 63 484 1
4 -3 4 -1 4 -4 3645 40898 -1
4 -3 4 0 4 -3 6561 81796 -1
4 -3 4 1 2 -2 135 1694 1
4 -3 4 1 4 -2 3645 286286 -1
4 -3 4 2 2 -1 375 3388 1
4 -3 4 2 4 -1 3645 286286 1
4 -3 4 3 0 0 1 4 -1
4 -3 4 3 2 0 5 484 1
4 -3 4 3 4 0 6561 81796 1
4 -3 4 4 2 1 15 121 -1
4 -3 4 4 4 1 3645 40898 1
4 -2 0 0 4 -2 1 4 1
4 -2 1 -1 3 -3 1 84 -1
4 -2 1 0 3 -2 1 7 1
4 -2 1 1 3 -1 5 28 -1
4 -2 2 -2 4 -4 30 847 -1
4 -2 2 -1 4 -3 375 3388 1
4 -2 2 0 2 -2 15 196 1
4 -2 2 0 4 -2 80 5929 1
4 -2 2 1 2 -1 10 49 -1
4 -2 2 1 4 -1 1215 23716 -1
4 -2 2 2 2 0 15 196 1
4 -2 2 2 4 0 675 5929 -1
4 -2 3 -1 3 -3 27 242 1
4 -2 3 0 3 -2 3 484 -1
4 -2 3 1 1 -1 5 28 -1
4 -2 3 1 3 -1 10 121 -1
4 -2 3 2 1 0 1 7 1
4 -2 3 2 3 0 3 484 -1
4 -2 3 3 1 1 1 84 -1
4 -2 3 3 3 1 27 242 1
4 -2 4 -2 4 -4 32805 286286 1
4 -2 4 -1 4 -3 3645 286286 1
4 -2 4 0 2 -2 675 5929 -1
4 -2 4 0 4 -2 729 33124 -1
4 -2 4 1 2 -1 1215 23716 -1
4 -2 4 1 4 -1 65610 1002001 -1
4 -2 4 2 0 0 1 4 1
4 -2 4 2 2 0 80 5929 1
4 -2 4 2 4 0 729 33124 -1
4 -2 4 3 2 1 375 3388 1
4 -2 4 3 4 1 3645 286286 1
4 -2 4 4 2 2 30 847 -1
4 -2 4 4 4 2 32805 286286 1
4 -1 0 0 4 -1 1 4 1
4 -1 1 -1 3 -2 1 28 -1
4 -1 1 0 3 -1 5 28 1
4 -1 1 1 3 0 5 42 -1
4 -1 2 -2 4 -3 135 1694 -1
4 -1 2 -1 2 -2 5 196 -1
4 -1 2 -1 4 -2 1215 23716 1
4 -1 2 0 2 -1 15 98 1
4 -1 2 0 4 -1 1445 23716 1
4 -1 2 1 2 0 15 98 -1
4 -1 2 1 4 0 75 11858 -1
4 -1 2 2 2 1 5 196 1
4 -1 2 2 4 1 750 5929 -1
4 -1 3 -2 3 -3 15 242 -1
4 -1 3 -1 3 -2 8 121 1
4 -1 3 0 1 -1 5 42 1
4 -1 3 0 3 -1 15 484 1
4 -1 3 1 1 0 5 28 -1
4 -1 3 1 3 0 15 484 -1
4 -1 3 2 1 1 1 28 1
4 -1 3 2 3 1 8 121 -1
4 -1 3 3 3 2 15 242 1
4 -1 4 -3 4 -4 3645 40898 -1
4 -1 4 -2 4 -3 3645 286286 1
4 -1 4 -1 2 -2 750 5929 1
4 -1 4 -1 4 -2 65610 1002001 1
4 -1 4 0 2 -1 75 11858 1
4 -1 4 0 4 -1 59049 4008004 1
4 -1 4 1 0 0 1 4 -1
4 -1 4 1 2 0 1445 23716 -1
4 -1 4 1 4 0 59049 4008004 -1
4 -1 4 2 2 1 1215 23716 -1
4 -1 4 2 4 1 65610 1002001 -1
4 -1 4 3 2 2 135 1694 1
4 -1 4 3 4 2 3645 286286 -1
4 -1 4 4 4 3 3645 40898 1
4 0 0 0 4 0 1 4 1
4 0 1 -1 3 -1 1 14 -1
4 0 1 0 3 0 4 21 1
4 0 1 1 3 1 1 14 -1
4 0 2 -2 2 -2 1 196 1
4 0 2 -2 4 -2 675 5929 -1
4 0 2 -1 2 -1 4 49 -1
4 0 2 -1 4 -1 75 11858 1
4 0 2 0 2 0 9 49 1
4 0 2 0 4 0 500 5929 1
4 0 2 1 2 1 4 49 -1
4 0 2 1 4 1 75 11858 1
4 0 2 2 2 2 1 196 1
4 0 2 2 4 2 675 5929 -1
4 0 3 -3 3 -3 9 484 1
4 0 3 -2 3 -2 49 484 -1
4 0 3 -1 1 -1 1 14 -1
4 0 3 -1 3 -1 1 484 1
4 0 3 0 1 0 4 21 1
4 0 3 0 3 0 9 121 1
4 0 3 1 1 1 1 14 -1
4 0 3 1 3 1 1 484 1
4 0 3 2 3 2 49 484 -1
4 0 3 3 3 3 9 484 1
4 0 4 -4 4 -4 729 20449 1
4 0 4 -3 4 -3 6561 81796 -1
4 0 4 -2 2 -2 675 5929 -1
4 0 4 -2 4 -2 729 33124 -1
4 0 4 -1 2 -1 75 11858 1
4 0 4 -1 4 -1 59049 4008004 1
4 0 4 0 0 0 1 4 1
4 0 4 0 2 0 500 5929 1
4 0 4 0 4 0 59049 1002001 1
4 0 4 1 2 1 75 11858 1
4 0 4 1 4 1 59049 4008004 1
4 0 4 2 2 2 675 5929 -1
4 0 4 2 4 2 729 33124 -1
4 0 4 3 4 3 6561 81796 -1
4 0 4 4 4 4 729 20449 1
4 1 0 0 4 1 1 4 1
4 1 1 -1 3 0 5 42 -1
4 1 1 0 3 1 5 28 1
4 1 1 1 3 2 1 28 -1
4 1 2 -2 2 -1 5 196 1
4 1 2 -2 4 -1 750 5929 -1
4 1 2 -1 2 0 15 98 -1
4 1 2 -1 4 0 75 11858 -1
4 1 2 0 2 1 15 98 1
4 1 2 0 4 1 1445 23716 1
4 1 2 1 2 2 5 196 -1
4 1 2 1 4 2 1215 23716 1
4 1 2 2 4 3 135 1694 -1
4 1 3 -3 3 -2 15 242 1
4 1 3 -2 1 -1 1 28 1
4 1 3 -2 3 -1 8 121 -1
4 1 3 -1 1 0 5 28 -1
4 1 3 -1 3 0 15 484 -1
4 1 3 0 1 1 5 42 1
4 1 3 0 3 1 15 484 1
4 1 3 1 3 2 8 121 1
4 1 3 2 3 3 15 242 -1
4 1 4 -4 4 -3 3645 40898 1
4 1 4 -3 2 -2 135 1694 1
4 1 4 -3 4 -2 3645 286286 -1
4 1 4 -2 2 -1 1215 23716 -1
4 1 4 -2 4 -1 65610 1002001 -1
4 1 4 -1 0 0 1 4 -1
4 1 4 -1 2 0 1445 23716 -1
4 1 4 -1 4 0 59049 4008004 -1
4 1 4 0 2 1 75 11858 1
4 1 4 0 4 1 59049 4008004 1
4 1 4 1 2 2 750 5929 1
4 1 4 1 4 2 65610 1002001 1
4 1 4 2 4 3 3645 286286 1
4 1 4 3 4 4 3645 40898 -1
4 2 0 0 4 2 1 4 1
4 2 1 -1 3 1 5 28 -1
4 2 1 0 3 2 1 7 1
4 2 1 1 3 3 1 84 -1
4 2 2 -2 2 0 15 196 1
4 2 2 -2 4 0 675 5929 -1
4 2 2 -1 2 1 10 49 -1
4 2 2 -1 4 1 1215 23716 -1
4 2 2 0 2 2 15 196 1
4 2 2 0 4 2 80 5929 1
4 2 2 1 4 3 375 3388 1
4 2 2 2 4 4 30 847 -1
4 2 3 -3 1 -1 1 84 -1
4 2 3 -3 3 -1 27 242 1
4 2 3 -2 1 0 1 7 1
4 2 3 -2 3 0 3 484 -1
4 2 3 -1 1 1 5 28 -1
4 2 3 -1 3 1 10 121 -1
4 2 3 0 3 2 3 484 -1
4 2 3 1 3 3 27 242 1
4 2 4 -4 2 -2 30 847 -1
4 2 4 -4 4 -2 32805 286286 1
4 2 4 -3 2 -1 375 3388 1
4 2 4 -3 4 -1 3645 286286 1
4 2 4 -2 0 0 1 4 1
4 2 4 -2 2 0 80 5929 1
4 2 4 -2 4 0 729 33124 -1
4 2 4 -1 2 1 1215 23716 -1
4 2 4 -1 4 1 65610 1002001 -1
4 2 4 0 2 2 675 5929 -1
4 2 4 0 4 2 729 33124 -1
4 2 4 1 4 3 3645 286286 1
4 2 4 2 4 4 32805 286286 1
4 3 0 0 4 3 1 4 1
4 3 1 -1 3 2 1 4 -1
4 3 1 0 3 3 1 12 1
4 3 2 -2 2 1 5 28 1
4 3 2 -2 4 1 135 1694 -1
4 3 2 -1 2 2 5 28 -1
4 3 2 -1 4 2 375 3388 -1
4 3 2 0 4 3 5 484 -1
4 3 2 1 4 4 15 121 1
4 3 3 -3 1 0 1 12 -1
4 3 3 -3 3 0 63 484 1
4 3 3 -2 1 1 1 4 1
4 3 3 -2 3 1 7 242 1
4 3 3 -1 3 2 7 242 -1
4 3 3 0 3 3 63 484 -1
4 3 4 -4 2 -1 15 121 -1
4 3 4 -4 4 -1 3645 40898 1
4 3 4 -3 0 0 1 4 -1
4 3 4 -3 2 0 5 484 1
4 3 4 -3 4 0 6561 81796 1
4 3 4 -2 2 1 375 3388 1
4 3 4 -2 4 1 3645 286286 1
4 3 4 -1 2 2 135 1694 1
4 3 4 -1 4 2 3645 286286 -1
4 3 4 0 4 3 6561 81796 -1
4 3 4 1 4 4 3645 40898 -1
4 4 0 0 4 4 1 4 1
4 4 1 -1 3 3 1 3 -1
4 4 2 -2 2 2 5 14 1
4 4 2 -2 4 2 30 847 -1
4 4 2 -1 4 3 15 121 -1
4 4 2 0 4 4 20 121 -1
4 4 3 -3 1 1 1 3 -1
4 4 3 -3 3 1 21 242 1
4 4 3 -2 3 2 35 242 1
4 4 3 -1 3 3 21 242 1
4 4 4 -4 0 0 1 4 1
4 4 4 -4 2 0 20 121 -1
4 4 4 -4 4 0 729 20449 1
4 4 4 -3 2 1 15 121 -1
4 4 4 -3 4 1 3645 40898 1
4 4 4 -2 2 2 30 847 -1
4 4 4 -2 4 2 32805 286286 1
4 4 4 -1 4 3 3645 40898 1
4 4 4 0 4 4 729 20449 1
