3
263
0 0 0 0 0 0 1 4 1
0 0 1 -1 1 -1 1 4 1
0 0 1 0 1 0 1 4 1
0 0 1 1 1 1 1 4 1
0 0 2 -2 2 -2 1 4 1
0 0 2 -1 2 -1 1 4 1
0 0 2 0 2 0 1 4 1
0 0 2 1 2 1 1 4 1
0 0 2 2 2 2 1 4 1
0 0 3 -3 3 -3 1 4 1
0 0 3 -2 3 -2 1 4 1
0 0 3 -1 3 -1 1 4 1
0 0 3 0 3 0 1 4 1
0 0 3 1 3 1 1 4 1
0 0 3 2 3 2 1 4 1
0 0 3 3 3 3 1 4 1
1 -1 0 0 1 -1 1 4 1
1 -1 1 -1 2 -2 3 10 1
1 -1 1 0 2 -1 3 20 1
1 -1 1 1 0 0 1 4 -1
1 -1 1 1 2 0 1 20 1
1 -1 2 -2 3 -3 9 28 1
1 -1 2 -1 3 -2 3 14 1
1 -1 2 0 1 -1 1 20 -1
1 -1 2 0 3 -1 9 70 1
1 -1 2 1 1 0 3 20 -1
1 -1 2 1 3 0 9 140 1
1 -1 2 2 1 1 3 10 -1
1 -1 2 2 3 1 3 140 1
1 -1 3 -1 2 -2 3 140 -1
1 -1 3 0 2 -1 9 140 -1
1 -1 3 1 2 0 9 70 -1
1 -1 3 2 2 1 3 14 -1
1 -1 3 3 2 2 9 28 -1
1 0 0 0 1 0 1 4 1
1 0 1 -1 2 -1 3 20 1
1 0 1 0 0 0 1 4 1
1 0 1 0 2 0 1 5 1
1 0 1 1 2 1 3 20 1
1 0 2 -2 3 -2 3 28 1
1 0 2 -1 1 -1 3 20 1
1 0 2 -1 3 -1 6 35 1
1 0 2 0 1 0 1 5 1
1 0 2 0 3 0 27 140 1
1 0 2 1 1 1 3 20 1
1 0 2 1 3 1 6 35 1
1 0 2 2 3 2 3 28 1
1 0 3 -2 2 -2 3 28 1
1 0 3 -1 2 -1 6 35 1
1 0 3 0 2 0 27 140 1
1 0 3 1 2 1 6 35 1
1 0 3 2 2 2 3 28 1
1 1 0 0 1 1 1 4 1
1 1 1 -1 0 0 1 4 -1
1 1 1 -1 2 0 1 20 1
1 1 1 0 2 1 3 20 1
1 1 1 1 2 2 3 10 1
1 1 2 -2 1 -1 3 10 -1
1 1 2 -2 3 -1 3 140 1
1 1 2 -1 1 0 3 20 -1
1 1 2 -1 3 0 9 140 1
1 1 2 0 1 1 1 20 -1
1 1 2 0 3 1 9 70 1
1 1 2 1 3 2 3 14 1
1 1 2 2 3 3 9 28 1
1 1 3 -3 2 -2 9 28 -1
1 1 3 -2 2 -1 3 14 -1
1 1 3 -1 2 0 9 70 -1
1 1 3 0 2 1 9 140 -1
1 1 3 1 2 2 3 140 -1
2 -2 0 0 2 -2 1 4 1
2 -2 1 -1 3 -3 9 28 1
2 -2 1 0 3 -2 3 28 1
2 -2 1 1 1 -1 3 10 -1
2 -2 1 1 3 -1 3 140 1
2 -2 2 0 2 -2 5 49 -1
2 -2 2 1 2 -1 15 98 -1
2 -2 2 2 0 0 1 4 1
2 -2 2 2 2 0 5 49 -1
2 -2 3 -1 3 -3 1 18 -1
2 -2 3 0 3 -2 1 9 -1
2 -2 3 1 1 -1 3 140 1
2 -2 3 1 3 -1 2 15 -1
2 -2 3 2 1 0 3 28 1
2 -2 3 2 3 0 1 9 -1
2 -2 3 3 1 1 9 28 1
2 -2 3 3 3 1 1 18 -1
2 -1 0 0 2 -1 1 4 1
2 -1 1 -1 3 -2 3 14 1
2 -1 1 0 1 -1 3 20 1
2 -1 1 0 3 -1 6 35 1
2 -1 1 1 1 0 3 20 -1
2 -1 1 1 3 0 9 140 1
2 -1 2 -1 2 -2 15 98 1
2 -1 2 0 2 -1 5 196 1
2 -1 2 1 0 0 1 4 -1
2 -1 2 1 2 0 5 196 -1
2 -1 2 2 2 1 15 98 -1
2 -1 3 -2 3 -3 5 36 1
2 -1 3 -1 3 -2 1 12 1
2 -1 3 0 1 -1 9 140 -1
2 -1 3 0 3 -1 1 90 1
2 -1 3 1 1 0 6 35 -1
2 -1 3 1 3 0 1 90 -1
2 -1 3 2 1 1 3 14 -1
2 -1 3 2 3 1 1 12 -1
2 -1 3 3 3 2 5 36 -1
2 0 0 0 2 0 1 4 1
2 0 1 -1 1 -1 1 20 -1
2 0 1 -1 3 -1 9 70 1
2 0 1 0 1 0 1 5 1
2 0 1 0 3 0 27 140 1
2 0 1 1 1 1 1 20 -1
2 0 1 1 3 1 9 70 1
2 0 2 -2 2 -2 5 49 -1
2 0 2 -1 2 -1 5 196 1
2 0 2 0 0 0 1 4 1
2 0 2 0 2 0 5 49 1
2 0 2 1 2 1 5 196 1
2 0 2 2 2 2 5 49 -1
2 0 3 -3 3 -3 5 36 -1
2 0 3 -1 1 -1 9 70 1
2 0 3 -1 3 -1 1 20 1
2 0 3 0 1 0 27 140 1
2 0 3 0 3 0 4 45 1
2 0 3 1 1 1 9 70 1
2 0 3 1 3 1 1 20 1
2 0 3 3 3 3 5 36 -1
2 1 0 0 2 1 1 4 1
2 1 1 -1 1 0 3 20 -1
2 1 1 -1 3 0 9 140 1
2 1 1 0 1 1 3 20 1
2 1 1 0 3 1 6 35 1
2 1 1 1 3 2 3 14 1
2 1 2 -2 2 -1 15 98 -1
2 1 2 -1 0 0 1 4 -1
2 1 2 -1 2 0 5 196 -1
2 1 2 0 2 1 5 196 1
2 1 2 1 2 2 15 98 1
2 1 3 -3 3 -2 5 36 -1
2 1 3 -2 1 -1 3 14 -1
2 1 3 -2 3 -1 1 12 -1
2 1 3 -1 1 0 6 35 -1
2 1 3 -1 3 0 1 90 -1
2 1 3 0 1 1 9 140 -1
2 1 3 0 3 1 1 90 1
2 1 3 1 3 2 1 12 1
2 1 3 2 3 3 5 36 1
2 2 0 0 2 2 1 4 1
2 2 1 -1 1 1 3 10 -1
2 2 1 -1 3 1 3 140 1
2 2 1 0 3 2 3 28 1
2 2 1 1 3 3 9 28 1
2 2 2 -2 0 0 1 4 1
2 2 2 -2 2 0 5 49 -1
2 2 2 -1 2 1 15 98 -1
2 2 2 0 2 2 5 49 -1
2 2 3 -3 1 -1 9 28 1
2 2 3 -3 3 -1 1 18 -1
2 2 3 -2 1 0 3 28 1
2 2 3 -2 3 0 1 9 -1
2 2 3 -1 1 1 3 140 1
2 2 3 -1 3 1 2 15 -1
2 2 3 0 3 2 1 9 -1
2 2 3 1 3 3 1 18 -1
3 -3 0 0 3 -3 1 4 1
3 -3 1 1 2 -2 9 28 -1
3 -3 2 0 3 -3 5 36 -1
3 -3 2 1 3 -2 5 36 -1
3 -3 2 2 1 -1 9 28 1
3 -3 2 2 3 -1 1 18 -1
3 -3 3 1 2 -2 1 18 1
3 -3 3 2 2 -1 5 36 1
3 -3 3 3 0 0 1 4 -1
3 -3 3 3 2 0 5 36 1
3 -2 0 0 3 -2 1 4 1
3 -2 1 0 2 -2 3 28 1
3 -2 1 1 2 -1 3 14 -1
3 -2 2 -1 3 -3 5 36 1
3 -2 2 1 1 -1 3 14 -1
3 -2 2 1 3 -1 1 12 -1
3 -2 2 2 1 0 3 28 1
3 -2 2 2 3 0 1 9 -1
3 -2 3 0 2 -2 1 9 -1
3 -2 3 1 2 -1 1 12 -1
3 -2 3 2 0 0 1 4 1
3 -2 3 3 2 1 5 36 1
3 -1 0 0 3 -1 1 4 1
3 -1 1 -1 2 -2 3 140 -1
3 -1 1 0 2 -1 6 35 1
3 -1 1 1 2 0 9 70 -1
3 -1 2 -2 3 -3 1 18 -1
3 -1 2 -1 3 -2 1 12 1
3 -1 2 0 1 -1 9 70 1
3 -1 2 0 3 -1 1 20 1
3 -1 2 1 1 0 6 35 -1
3 -1 2 1 3 0 1 90 -1
3 -1 2 2 1 1 3 140 1
3 -1 2 2 3 1 2 15 -1
3 -1 3 -1 2 -2 2 15 1
3 -1 3 0 2 -1 1 90 1
3 -1 3 1 0 0 1 4 -1
3 -1 3 1 2 0 1 20 -1
3 -1 3 2 2 1 1 12 -1
3 -1 3 3 2 2 1 18 1
3 0 0 0 3 0 1 4 1
3 0 1 -1 2 -1 9 140 -1
3 0 1 0 2 0 27 140 1
3 0 1 1 2 1 9 140 -1
3 0 2 -2 3 -2 1 9 -1
3 0 2 -1 1 -1 9 140 -1
3 0 2 -1 3 -1 1 90 1
3 0 2 0 1 0 27 140 1
3 0 2 0 3 0 4 45 1
3 0 2 1 1 1 9 140 -1
3 0 2 1 3 1 1 90 1
3 0 2 2 3 2 1 9 -1
3 0 3 -2 2 -2 1 9 -1
3 0 3 -1 2 -1 1 90 1
3 0 3 0 0 0 1 4 1
3 0 3 0 2 0 4 45 1
3 0 3 1 2 1 1 90 1
3 0 3 2 2 2 1 9 -1
3 1 0 0 3 1 1 4 1
3 1 1 -1 2 0 9 70 -1
3 1 1 0 2 1 6 35 1
3 1 1 1 2 2 3 140 -1
3 1 2 -2 1 -1 3 140 1
3 1 2 -2 3 -1 2 15 -1
3 1 2 -1 1 0 6 35 -1
3 1 2 -1 3 0 1 90 -1
3 1 2 0 1 1 9 70 1
3 1 2 0 3 1 1 20 1
3 1 2 1 3 2 1 12 1
3 1 2 2 3 3 1 18 -1
3 1 3 -3 2 -2 1 18 1
3 1 3 -2 2 -1 1 12 -1
3 1 3 -1 0 0 1 4 -1
3 1 3 -1 2 0 1 20 -1
3 1 3 0 2 1 1 90 1
3 1 3 1 2 2 2 15 1
3 2 0 0 3 2 1 4 1
3 2 1 -1 2 1 3 14 -1
3 2 1 0 2 2 3 28 1
3 2 2 -2 1 0 3 28 1
3 2 2 -2 3 0 1 9 -1
3 2 2 -1 1 1 3 14 -1
3 2 2 -1 3 1 1 12 -1
3 2 2 1 3 3 5 36 1
3 2 3 -3 2 -1 5 36 1
3 2 3 -2 0 0 1 4 1
3 2 3 -1 2 1 1 12 -1
3 2 3 0 2 2 1 9 -1
3 3 0 0 3 3 1 4 1
3 3 1 -1 2 2 9 28 -1
3 3 2 -2 1 1 9 28 1
3 3 2 -2 3 1 1 18 -1
3 3 2 -1 3 2 5 36 -1
3 3 2 0 3 3 5 36 -1
3 3 3 -3 0 0 1 4 -1
3 3 3 -3 2 0 5 36 1
3 3 3 -2 2 1 5 36 1
3 3 3 -1 2 2 1 18 1
