6
4060
0 0 0 0 0 0 1 4 1
0 0 1 -1 1 -1 1 4 1
0 0 1 0 1 0 1 4 1
0 0 1 1 1 1 1 4 1
0 0 2 -2 2 -2 1 4 1
0 0 2 -1 2 -1 1 4 1
0 0 2 0 2 0 1 4 1
0 0 2 1 2 1 1 4 1
0 0 2 2 2 2 1 4 1
0 0 3 -3 3 -3 1 4 1
0 0 3 -2 3 -2 1 4 1
0 0 3 -1 3 -1 1 4 1
0 0 3 0 3 0 1 4 1
0 0 3 1 3 1 1 4 1
0 0 3 2 3 2 1 4 1
0 0 3 3 3 3 1 4 1
0 0 4 -4 4 -4 1 4 1
0 0 4 -3 4 -3 1 4 1
0 0 4 -2 4 -2 1 4 1
0 0 4 -1 4 -1 1 4 1
0 0 4 0 4 0 1 4 1
0 0 4 1 4 1 1 4 1
0 0 4 2 4 2 1 4 1
0 0 4 3 4 3 1 4 1
0 0 4 4 4 4 1 4 1
0 0 5 -5 5 -5 1 4 1
0 0 5 -4 5 -4 1 4 1
0 0 5 -3 5 -3 1 4 1
0 0 5 -2 5 -2 1 4 1
0 0 5 -1 5 -1 1 4 1
0 0 5 0 5 0 1 4 1
0 0 5 1 5 1 1 4 1
0 0 5 2 5 2 1 4 1
0 0 5 3 5 3 1 4 1
0 0 5 4 5 4 1 4 1
0 0 5 5 5 5 1 4 1
0 0 6 -6 6 -6 1 4 1
0 0 6 -5 6 -5 1 4 1
0 0 6 -4 6 -4 1 4 1
0 0 6 -3 6 -3 1 4 1
0 0 6 -2 6 -2 1 4 1
0 0 6 -1 6 -1 1 4 1
0 0 6 0 6 0 1 4 1
0 0 6 1 6 1 1 4 1
0 0 6 2 6 2 1 4 1
0 0 6 3 6 3 1 4 1
0 0 6 4 6 4 1 4 1
0 0 6 5 6 5 1 4 1
0 0 6 6 6 6 1 4 1
1 -1 0 0 1 -1 1 4 1
1 -1 1 -1 2 -2 3 10 1
1 -1 1 0 2 -1 3 20 1
1 -1 1 1 0 0 1 4 -1
1 -1 1 1 2 0 1 20 1
1 -1 2 -2 3 -3 9 28 1
1 -1 2 -1 3 -2 3 14 1
1 -1 2 0 1 -1 1 20 -1
1 -1 2 0 3 -1 9 70 1
1 -1 2 1 1 0 3 20 -1
1 -1 2 1 3 0 9 140 1
1 -1 2 2 1 1 3 10 -1
1 -1 2 2 3 1 3 140 1
1 -1 3 -3 4 -4 1 3 1
1 -1 3 -2 4 -3 1 4 1
1 -1 3 -1 2 -2 3 140 -1
1 -1 3 -1 4 -2 5 28 1
1 -1 3 0 2 -1 9 140 -1
1 -1 3 0 4 -1 5 42 1
1 -1 3 1 2 0 9 70 -1
1 -1 3 1 4 0 1 14 1
1 -1 3 2 2 1 3 14 -1
1 -1 3 2 4 1 1 28 1
1 -1 3 3 2 2 9 28 -1
1 -1 3 3 4 2 1 84 1
1 -1 4 -4 5 -5 15 44 1
1 -1 4 -3 5 -4 3 11 1
1 -1 4 -2 3 -3 1 84 -1
1 -1 4 -2 5 -3 7 33 1
1 -1 4 -1 3 -2 1 28 -1
1 -1 4 -1 5 -2 7 44 1
1 -1 4 0 3 -1 1 14 -1
1 -1 4 0 5 -1 5 44 1
1 -1 4 1 3 0 5 42 -1
1 -1 4 1 5 0 5 66 1
1 -1 4 2 3 1 5 28 -1
1 -1 4 2 5 1 1 22 1
1 -1 4 3 3 2 1 4 -1
1 -1 4 3 5 2 1 44 1
1 -1 4 4 3 3 1 3 -1
1 -1 4 4 5 3 1 132 1
1 -1 5 -5 6 -6 9 26 1
1 -1 5 -4 6 -5 15 52 1
1 -1 5 -3 4 -4 1 132 -1
1 -1 5 -3 6 -4 135 572 1
1 -1 5 -2 4 -3 1 44 -1
1 -1 5 -2 6 -3 27 143 1
1 -1 5 -1 4 -2 1 22 -1
1 -1 5 -1 6 -2 21 143 1
1 -1 5 0 4 -1 5 66 -1
1 -1 5 0 6 -1 63 572 1
1 -1 5 1 4 0 5 44 -1
1 -1 5 1 6 0 45 572 1
1 -1 5 2 4 1 7 44 -1
1 -1 5 2 6 1 15 286 1
1 -1 5 3 4 2 7 33 -1
1 -1 5 3 6 2 9 286 1
1 -1 5 4 4 3 3 11 -1
1 -1 5 4 6 3 9 572 1
1 -1 5 5 4 4 15 44 -1
1 -1 5 5 6 4 3 572 1
1 -1 6 -4 5 -5 3 572 -1
1 -1 6 -3 5 -4 9 572 -1
1 -1 6 -2 5 -3 9 286 -1
1 -1 6 -1 5 -2 15 286 -1
1 -1 6 0 5 -1 45 572 -1
1 -1 6 1 5 0 63 572 -1
1 -1 6 2 5 1 21 143 -1
1 -1 6 3 5 2 27 143 -1
1 -1 6 4 5 3 135 572 -1
1 -1 6 5 5 4 15 52 -1
1 -1 6 6 5 5 9 26 -1
1 0 0 0 1 0 1 4 1
1 0 1 -1 2 -1 3 20 1
1 0 1 0 0 0 1 4 1
1 0 1 0 2 0 1 5 1
1 0 1 1 2 1 3 20 1
1 0 2 -2 3 -2 3 28 1
1 0 2 -1 1 -1 3 20 1
1 0 2 -1 3 -1 6 35 1
1 0 2 0 1 0 1 5 1
1 0 2 0 3 0 27 140 1
1 0 2 1 1 1 3 20 1
1 0 2 1 3 1 6 35 1
1 0 2 2 3 2 3 28 1
1 0 3 -3 4 -3 1 12 1
1 0 3 -2 2 -2 3 28 1
1 0 3 -2 4 -2 1 7 1
1 0 3 -1 2 -1 6 35 1
1 0 3 -1 4 -1 5 28 1
1 0 3 0 2 0 27 140 1
1 0 3 0 4 0 4 21 1
1 0 3 1 2 1 6 35 1
1 0 3 1 4 1 5 28 1
1 0 3 2 2 2 3 28 1
1 0 3 2 4 2 1 7 1
1 0 3 3 4 3 1 12 1
1 0 4 -4 5 -4 3 44 1
1 0 4 -3 3 -3 1 12 1
1 0 4 -3 5 -3 4 33 1
1 0 4 -2 3 -2 1 7 1
1 0 4 -2 5 -2 7 44 1
1 0 4 -1 3 -1 5 28 1
1 0 4 -1 5 -1 2 11 1
1 0 4 0 3 0 4 21 1
1 0 4 0 5 0 25 132 1
1 0 4 1 3 1 5 28 1
1 0 4 1 5 1 2 11 1
1 0 4 2 3 2 1 7 1
1 0 4 2 5 2 7 44 1
1 0 4 3 3 3 1 12 1
1 0 4 3 5 3 4 33 1
1 0 4 4 5 4 3 44 1
1 0 5 -5 6 -5 3 52 1
1 0 5 -4 4 -4 3 44 1
1 0 5 -4 6 -4 15 143 1
1 0 5 -3 4 -3 4 33 1
1 0 5 -3 6 -3 81 572 1
1 0 5 -2 4 -2 7 44 1
1 0 5 -2 6 -2 24 143 1
1 0 5 -1 4 -1 2 11 1
1 0 5 -1 6 -1 105 572 1
1 0 5 0 4 0 25 132 1
1 0 5 0 6 0 27 143 1
1 0 5 1 4 1 2 11 1
1 0 5 1 6 1 105 572 1
1 0 5 2 4 2 7 44 1
1 0 5 2 6 2 24 143 1
1 0 5 3 4 3 4 33 1
1 0 5 3 6 3 81 572 1
1 0 5 4 4 4 3 44 1
1 0 5 4 6 4 15 143 1
1 0 5 5 6 5 3 52 1
1 0 6 -5 5 -5 3 52 1
1 0 6 -4 5 -4 15 143 1
1 0 6 -3 5 -3 81 572 1
1 0 6 -2 5 -2 24 143 1
1 0 6 -1 5 -1 105 572 1
1 0 6 0 5 0 27 143 1
1 0 6 1 5 1 105 572 1
1 0 6 2 5 2 24 143 1
1 0 6 3 5 3 81 572 1
1 0 6 4 5 4 15 143 1
1 0 6 5 5 5 3 52 1
1 1 0 0 1 1 1 4 1
1 1 1 -1 0 0 1 4 -1
1 1 1 -1 2 0 1 20 1
1 1 1 0 2 1 3 20 1
1 1 1 1 2 2 3 10 1
1 1 2 -2 1 -1 3 10 -1
1 1 2 -2 3 -1 3 140 1
1 1 2 -1 1 0 3 20 -1
1 1 2 -1 3 0 9 140 1
1 1 2 0 1 1 1 20 -1
1 1 2 0 3 1 9 70 1
1 1 2 1 3 2 3 14 1
1 1 2 2 3 3 9 28 1
1 1 3 -3 2 -2 9 28 -1
1 1 3 -3 4 -2 1 84 1
1 1 3 -2 2 -1 3 14 -1
1 1 3 -2 4 -1 1 28 1
1 1 3 -1 2 0 9 70 -1
1 1 3 -1 4 0 1 14 1
1 1 3 0 2 1 9 140 -1
1 1 3 0 4 1 5 42 1
1 1 3 1 2 2 3 140 -1
1 1 3 1 4 2 5 28 1
1 1 3 2 4 3 1 4 1
1 1 3 3 4 4 1 3 1
1 1 4 -4 3 -3 1 3 -1
1 1 4 -4 5 -3 1 132 1
1 1 4 -3 3 -2 1 4 -1
1 1 4 -3 5 -2 1 44 1
1 1 4 -2 3 -1 5 28 -1
1 1 4 -2 5 -1 1 22 1
1 1 4 -1 3 0 5 42 -1
1 1 4 -1 5 0 5 66 1
1 1 4 0 3 1 1 14 -1
1 1 4 0 5 1 5 44 1
1 1 4 1 3 2 1 28 -1
1 1 4 1 5 2 7 44 1
1 1 4 2 3 3 1 84 -1
1 1 4 2 5 3 7 33 1
1 1 4 3 5 4 3 11 1
1 1 4 4 5 5 15 44 1
1 1 5 -5 4 -4 15 44 -1
1 1 5 -5 6 -4 3 572 1
1 1 5 -4 4 -3 3 11 -1
1 1 5 -4 6 -3 9 572 1
1 1 5 -3 4 -2 7 33 -1
1 1 5 -3 6 -2 9 286 1
1 1 5 -2 4 -1 7 44 -1
1 1 5 -2 6 -1 15 286 1
1 1 5 -1 4 0 5 44 -1
1 1 5 -1 6 0 45 572 1
1 1 5 0 4 1 5 66 -1
1 1 5 0 6 1 63 572 1
1 1 5 1 4 2 1 22 -1
1 1 5 1 6 2 21 143 1
1 1 5 2 4 3 1 44 -1
1 1 5 2 6 3 27 143 1
1 1 5 3 4 4 1 132 -1
1 1 5 3 6 4 135 572 1
1 1 5 4 6 5 15 52 1
1 1 5 5 6 6 9 26 1
1 1 6 -6 5 -5 9 26 -1
1 1 6 -5 5 -4 15 52 -1
1 1 6 -4 5 -3 135 572 -1
1 1 6 -3 5 -2 27 143 -1
1 1 6 -2 5 -1 21 143 -1
1 1 6 -1 5 0 63 572 -1
1 1 6 0 5 1 45 572 -1
1 1 6 1 5 2 15 286 -1
1 1 6 2 5 3 9 286 -1
1 1 6 3 5 4 9 572 -1
1 1 6 4 5 5 3 572 -1
2 -2 0 0 2 -2 1 4 1
2 -2 1 -1 3 -3 9 28 1
2 -2 1 0 3 -2 3 28 1
2 -2 1 1 1 -1 3 10 -1
2 -2 1 1 3 -1 3 140 1
2 -2 2 -2 4 -4 5 14 1
2 -2 2 -1 4 -3 5 28 1
2 -2 2 0 2 -2 5 49 -1
2 -2 2 0 4 -2 15 196 1
2 -2 2 1 2 -1 15 98 -1
2 -2 2 1 4 -1 5 196 1
2 -2 2 2 0 0 1 4 1
2 -2 2 2 2 0 5 49 -1
2 -2 2 2 4 0 1 196 1
2 -2 3 -3 5 -5 25 66 1
2 -2 3 -2 5 -4 5 22 1
2 -2 3 -1 3 -3 1 18 -1
2 -2 3 -1 5 -3 25 198 1
2 -2 3 0 3 -2 1 9 -1
2 -2 3 0 5 -2 25 396 1
2 -2 3 1 1 -1 3 140 1
2 -2 3 1 3 -1 2 15 -1
2 -2 3 1 5 -1 25 924 1
2 -2 3 2 1 0 3 28 1
2 -2 3 2 3 0 1 9 -1
2 -2 3 2 5 0 25 2772 1
2 -2 3 3 1 1 9 28 1
2 -2 3 3 3 1 1 18 -1
2 -2 3 3 5 1 5 2772 1
2 -2 4 -4 6 -6 225 572 1
2 -2 4 -3 6 -5 75 286 1
2 -2 4 -2 4 -4 30 847 -1
2 -2 4 -2 6 -4 525 3146 1
2 -2 4 -1 4 -3 135 1694 -1
2 -2 4 -1 6 -3 315 3146 1
2 -2 4 0 2 -2 1 196 1
2 -2 4 0 4 -2 675 5929 -1
2 -2 4 0 6 -2 175 3146 1
2 -2 4 1 2 -1 5 196 1
2 -2 4 1 4 -1 750 5929 -1
2 -2 4 1 6 -1 175 6292 1
2 -2 4 2 2 0 15 196 1
2 -2 4 2 4 0 675 5929 -1
2 -2 4 2 6 0 75 6292 1
2 -2 4 3 2 1 5 28 1
2 -2 4 3 4 1 135 1694 -1
2 -2 4 3 6 1 25 6292 1
2 -2 4 4 2 2 5 14 1
2 -2 4 4 4 2 30 847 -1
2 -2 4 4 6 2 5 6292 1
2 -2 5 -3 5 -5 25 1014 -1
2 -2 5 -2 5 -4 10 169 -1
2 -2 5 -1 3 -3 5 2772 1
2 -2 5 -1 5 -3 140 1521 -1
2 -2 5 0 3 -2 25 2772 1
2 -2 5 0 5 -2 175 1521 -1
2 -2 5 1 3 -1 25 924 1
2 -2 5 1 5 -1 125 1014 -1
2 -2 5 2 3 0 25 396 1
2 -2 5 2 5 0 175 1521 -1
2 -2 5 3 3 1 25 198 1
2 -2 5 3 5 1 140 1521 -1
2 -2 5 4 3 2 5 22 1
2 -2 5 4 5 2 10 169 -1
2 -2 5 5 3 3 25 66 1
2 -2 5 5 5 3 25 1014 -1
2 -2 6 -4 6 -6 1 55 -1
2 -2 6 -3 6 -5 1 22 -1
2 -2 6 -2 4 -4 5 6292 1
2 -2 6 -2 6 -4 9 121 -1
2 -2 6 -1 4 -3 25 6292 1
2 -2 6 -1 6 -3 12 121 -1
2 -2 6 0 4 -2 75 6292 1
2 -2 6 0 6 -2 14 121 -1
2 -2 6 1 4 -1 175 6292 1
2 -2 6 1 6 -1 147 1210 -1
2 -2 6 2 4 0 175 3146 1
2 -2 6 2 6 0 14 121 -1
2 -2 6 3 4 1 315 3146 1
2 -2 6 3 6 1 12 121 -1
2 -2 6 4 4 2 525 3146 1
2 -2 6 4 6 2 9 121 -1
2 -2 6 5 4 3 75 286 1
2 -2 6 5 6 3 1 22 -1
2 -2 6 6 4 4 225 572 1
2 -2 6 6 6 4 1 55 -1
2 -1 0 0 2 -1 1 4 1
2 -1 1 -1 3 -2 3 14 1
2 -1 1 0 1 -1 3 20 1
2 -1 1 0 3 -1 6 35 1
2 -1 1 1 1 0 3 20 -1
2 -1 1 1 3 0 9 140 1
2 -1 2 -2 4 -3 5 28 1
2 -1 2 -1 2 -2 15 98 1
2 -1 2 -1 4 -2 10 49 1
2 -1 2 0 2 -1 5 196 1
2 -1 2 0 4 -1 15 98 1
2 -1 2 1 0 0 1 4 -1
2 -1 2 1 2 0 5 196 -1
2 -1 2 1 4 0 4 49 1
2 -1 2 2 2 1 15 98 -1
2 -1 2 2 4 1 5 196 1
2 -1 3 -3 5 -4 5 33 1
2 -1 3 -2 3 -3 5 36 1
2 -1 3 -2 5 -3 20 99 1
2 -1 3 -1 3 -2 1 12 1
2 -1 3 -1 5 -2 25 132 1
2 -1 3 0 1 -1 9 140 -1
2 -1 3 0 3 -1 1 90 1
2 -1 3 0 5 -1 100 693 1
2 -1 3 1 1 0 6 35 -1
2 -1 3 1 3 0 1 90 -1
2 -1 3 1 5 0 125 1386 1
2 -1 3 2 1 1 3 14 -1
2 -1 3 2 3 1 1 12 -1
2 -1 3 2 5 1 10 231 1
2 -1 3 3 3 2 5 36 -1
2 -1 3 3 5 2 5 396 1
2 -1 4 -4 6 -5 75 572 1
2 -1 4 -3 4 -4 15 121 1
2 -1 4 -3 6 -4 300 1573 1
2 -1 4 -2 4 -3 375 3388 1
2 -1 4 -2 6 -3 315 1573 1
2 -1 4 -1 2 -2 5 196 -1
2 -1 4 -1 4 -2 1215 23716 1
2 -1 4 -1 6 -2 280 1573 1
2 -1 4 0 2 -1 4 49 -1
2 -1 4 0 4 -1 75 11858 1
2 -1 4 0 6 -1 875 6292 1
2 -1 4 1 2 0 15 98 -1
2 -1 4 1 4 0 75 11858 -1
2 -1 4 1 6 0 150 1573 1
2 -1 4 2 2 1 10 49 -1
2 -1 4 2 4 1 1215 23716 -1
2 -1 4 2 6 1 175 3146 1
2 -1 4 3 2 2 5 28 -1
2 -1 4 3 4 2 375 3388 -1
2 -1 4 3 6 2 40 1573 1
2 -1 4 4 4 3 15 121 -1
2 -1 4 4 6 3 45 6292 1
2 -1 5 -4 5 -5 75 676 1
2 -1 5 -3 5 -4 245 2028 1
2 -1 5 -2 3 -3 5 396 -1
2 -1 5 -2 5 -3 125 1521 1
2 -1 5 -1 3 -2 10 231 -1
2 -1 5 -1 5 -2 35 1014 1
2 -1 5 0 3 -1 125 1386 -1
2 -1 5 0 5 -1 25 6084 1
2 -1 5 1 3 0 100 693 -1
2 -1 5 1 5 0 25 6084 -1
2 -1 5 2 3 1 25 132 -1
2 -1 5 2 5 1 35 1014 -1
2 -1 5 3 3 2 20 99 -1
2 -1 5 3 5 2 125 1521 -1
2 -1 5 4 3 3 5 33 -1
2 -1 5 4 5 3 245 2028 -1
2 -1 5 5 5 4 75 676 -1
2 -1 6 -5 6 -6 1 10 1
2 -1 6 -4 6 -5 27 220 1
2 -1 6 -3 4 -4 45 6292 -1
2 -1 6 -3 6 -4 49 484 1
2 -1 6 -2 4 -3 40 1573 -1
2 -1 6 -2 6 -3 15 242 1
2 -1 6 -1 4 -2 175 3146 -1
2 -1 6 -1 6 -2 3 121 1
2 -1 6 0 4 -1 150 1573 -1
2 -1 6 0 6 -1 7 2420 1
2 -1 6 1 4 0 875 6292 -1
2 -1 6 1 6 0 7 2420 -1
2 -1 6 2 4 1 280 1573 -1
2 -1 6 2 6 1 3 121 -1
2 -1 6 3 4 2 315 1573 -1
2 -1 6 3 6 2 15 242 -1
2 -1 6 4 4 3 300 1573 -1
2 -1 6 4 6 3 49 484 -1
2 -1 6 5 4 4 75 572 -1
2 -1 6 5 6 4 27 220 -1
2 -1 6 6 6 5 1 10 -1
2 0 0 0 2 0 1 4 1
2 0 1 -1 1 -1 1 20 -1
2 0 1 -1 3 -1 9 70 1
2 0 1 0 1 0 1 5 1
2 0 1 0 3 0 27 140 1
2 0 1 1 1 1 1 20 -1
2 0 1 1 3 1 9 70 1
2 0 2 -2 2 -2 5 49 -1
2 0 2 -2 4 -2 15 196 1
2 0 2 -1 2 -1 5 196 1
2 0 2 -1 4 -1 15 98 1
2 0 2 0 0 0 1 4 1
2 0 2 0 2 0 5 49 1
2 0 2 0 4 0 9 49 1
2 0 2 1 2 1 5 196 1
2 0 2 1 4 1 15 98 1
2 0 2 2 2 2 5 49 -1
2 0 2 2 4 2 15 196 1
2 0 3 -3 3 -3 5 36 -1
2 0 3 -3 5 -3 5 99 1
2 0 3 -2 5 -2 5 44 1
2 0 3 -1 1 -1 9 70 1
2 0 3 -1 3 -1 1 20 1
2 0 3 -1 5 -1 25 154 1
2 0 3 0 1 0 27 140 1
2 0 3 0 3 0 4 45 1
2 0 3 0 5 0 125 693 1
2 0 3 1 1 1 9 70 1
2 0 3 1 3 1 1 20 1
2 0 3 1 5 1 25 154 1
2 0 3 2 5 2 5 44 1
2 0 3 3 3 3 5 36 -1
2 0 3 3 5 3 5 99 1
2 0 4 -4 4 -4 20 121 -1
2 0 4 -4 6 -4 225 6292 1
2 0 4 -3 4 -3 5 484 -1
2 0 4 -3 6 -3 135 1573 1
2 0 4 -2 2 -2 15 196 1
2 0 4 -2 4 -2 80 5929 1
2 0 4 -2 6 -2 210 1573 1
2 0 4 -1 2 -1 15 98 1
2 0 4 -1 4 -1 1445 23716 1
2 0 4 -1 6 -1 525 3146 1
2 0 4 0 2 0 9 49 1
2 0 4 0 4 0 500 5929 1
2 0 4 0 6 0 1125 6292 1
2 0 4 1 2 1 15 98 1
2 0 4 1 4 1 1445 23716 1
2 0 4 1 6 1 525 3146 1
2 0 4 2 2 2 15 196 1
2 0 4 2 4 2 80 5929 1
2 0 4 2 6 2 210 1573 1
2 0 4 3 4 3 5 484 -1
2 0 4 3 6 3 135 1573 1
2 0 4 4 4 4 20 121 -1
2 0 4 4 6 4 225 6292 1
2 0 5 -5 5 -5 125 676 -1
2 0 5 -4 5 -4 5 169 -1
2 0 5 -3 3 -3 5 99 1
2 0 5 -3 5 -3 5 6084 1
2 0 5 -2 3 -2 5 44 1
2 0 5 -2 5 -2 5 169 1
2 0 5 -1 3 -1 25 154 1
2 0 5 -1 5 -1 45 676 1
2 0 5 0 3 0 125 693 1
2 0 5 0 5 0 125 1521 1
2 0 5 1 3 1 25 154 1
2 0 5 1 5 1 45 676 1
2 0 5 2 3 2 5 44 1
2 0 5 2 5 2 5 169 1
2 0 5 3 3 3 5 99 1
2 0 5 3 5 3 5 6084 1
2 0 5 4 5 4 5 169 -1
2 0 5 5 5 5 125 676 -1
2 0 6 -6 6 -6 1 5 -1
2 0 6 -5 6 -5 1 20 -1
2 0 6 -4 4 -4 225 6292 1
2 0 6 -4 6 -4 1 605 -1
2 0 6 -3 4 -3 135 1573 1
2 0 6 -3 6 -3 5 484 1
2 0 6 -2 4 -2 210 1573 1
2 0 6 -2 6 -2 5 121 1
2 0 6 -1 4 -1 525 3146 1
2 0 6 -1 6 -1 169 2420 1
2 0 6 0 4 0 1125 6292 1
2 0 6 0 6 0 49 605 1
2 0 6 1 4 1 525 3146 1
2 0 6 1 6 1 169 2420 1
2 0 6 2 4 2 210 1573 1
2 0 6 2 6 2 5 121 1
2 0 6 3 4 3 135 1573 1
2 0 6 3 6 3 5 484 1
2 0 6 4 4 4 225 6292 1
2 0 6 4 6 4 1 605 -1
2 0 6 5 6 5 1 20 -1
2 0 6 6 6 6 1 5 -1
2 1 0 0 2 1 1 4 1
2 1 1 -1 1 0 3 20 -1
2 1 1 -1 3 0 9 140 1
2 1 1 0 1 1 3 20 1
2 1 1 0 3 1 6 35 1
2 1 1 1 3 2 3 14 1
2 1 2 -2 2 -1 15 98 -1
2 1 2 -2 4 -1 5 196 1
2 1 2 -1 0 0 1 4 -1
2 1 2 -1 2 0 5 196 -1
2 1 2 -1 4 0 4 49 1
2 1 2 0 2 1 5 196 1
2 1 2 0 4 1 15 98 1
2 1 2 1 2 2 15 98 1
2 1 2 1 4 2 10 49 1
2 1 2 2 4 3 5 28 1
2 1 3 -3 3 -2 5 36 -1
2 1 3 -3 5 -2 5 396 1
2 1 3 -2 1 -1 3 14 -1
2 1 3 -2 3 -1 1 12 -1
2 1 3 -2 5 -1 10 231 1
2 1 3 -1 1 0 6 35 -1
2 1 3 -1 3 0 1 90 -1
2 1 3 -1 5 0 125 1386 1
2 1 3 0 1 1 9 140 -1
2 1 3 0 3 1 1 90 1
2 1 3 0 5 1 100 693 1
2 1 3 1 3 2 1 12 1
2 1 3 1 5 2 25 132 1
2 1 3 2 3 3 5 36 1
2 1 3 2 5 3 20 99 1
2 1 3 3 5 4 5 33 1
2 1 4 -4 4 -3 15 121 -1
2 1 4 -4 6 -3 45 6292 1
2 1 4 -3 2 -2 5 28 -1
2 1 4 -3 4 -2 375 3388 -1
2 1 4 -3 6 -2 40 1573 1
2 1 4 -2 2 -1 10 49 -1
2 1 4 -2 4 -1 1215 23716 -1
2 1 4 -2 6 -1 175 3146 1
2 1 4 -1 2 0 15 98 -1
2 1 4 -1 4 0 75 11858 -1
2 1 4 -1 6 0 150 1573 1
2 1 4 0 2 1 4 49 -1
2 1 4 0 4 1 75 11858 1
2 1 4 0 6 1 875 6292 1
2 1 4 1 2 2 5 196 -1
2 1 4 1 4 2 1215 23716 1
2 1 4 1 6 2 280 1573 1
2 1 4 2 4 3 375 3388 1
2 1 4 2 6 3 315 1573 1
2 1 4 3 4 4 15 121 1
2 1 4 3 6 4 300 1573 1
2 1 4 4 6 5 75 572 1
2 1 5 -5 5 -4 75 676 -1
2 1 5 -4 3 -3 5 33 -1
2 1 5 -4 5 -3 245 2028 -1
2 1 5 -3 3 -2 20 99 -1
2 1 5 -3 5 -2 125 1521 -1
2 1 5 -2 3 -1 25 132 -1
2 1 5 -2 5 -1 35 1014 -1
2 1 5 -1 3 0 100 693 -1
2 1 5 -1 5 0 25 6084 -1
2 1 5 0 3 1 125 1386 -1
2 1 5 0 5 1 25 6084 1
2 1 5 1 3 2 10 231 -1
2 1 5 1 5 2 35 1014 1
2 1 5 2 3 3 5 396 -1
2 1 5 2 5 3 125 1521 1
2 1 5 3 5 4 245 2028 1
2 1 5 4 5 5 75 676 1
2 1 6 -6 6 -5 1 10 -1
2 1 6 -5 4 -4 75 572 -1
2 1 6 -5 6 -4 27 220 -1
2 1 6 -4 4 -3 300 1573 -1
2 1 6 -4 6 -3 49 484 -1
2 1 6 -3 4 -2 315 1573 -1
2 1 6 -3 6 -2 15 242 -1
2 1 6 -2 4 -1 280 1573 -1
2 1 6 -2 6 -1 3 121 -1
2 1 6 -1 4 0 875 6292 -1
2 1 6 -1 6 0 7 2420 -1
2 1 6 0 4 1 150 1573 -1
2 1 6 0 6 1 7 2420 1
2 1 6 1 4 2 175 3146 -1
2 1 6 1 6 2 3 121 1
2 1 6 2 4 3 40 1573 -1
2 1 6 2 6 3 15 242 1
2 1 6 3 4 4 45 6292 -1
2 1 6 3 6 4 49 484 1
2 1 6 4 6 5 27 220 1
2 1 6 5 6 6 1 10 1
2 2 0 0 2 2 1 4 1
2 2 1 -1 1 1 3 10 -1
2 2 1 -1 3 1 3 140 1
2 2 1 0 3 2 3 28 1
2 2 1 1 3 3 9 28 1
2 2 2 -2 0 0 1 4 1
2 2 2 -2 2 0 5 49 -1
2 2 2 -2 4 0 1 196 1
2 2 2 -1 2 1 15 98 -1
2 2 2 -1 4 1 5 196 1
2 2 2 0 2 2 5 49 -1
2 2 2 0 4 2 15 196 1
2 2 2 1 4 3 5 28 1
2 2 2 2 4 4 5 14 1
2 2 3 -3 1 -1 9 28 1
2 2 3 -3 3 -1 1 18 -1
2 2 3 -3 5 -1 5 2772 1
2 2 3 -2 1 0 3 28 1
2 2 3 -2 3 0 1 9 -1
2 2 3 -2 5 0 25 2772 1
2 2 3 -1 1 1 3 140 1
2 2 3 -1 3 1 2 15 -1
2 2 3 -1 5 1 25 924 1
2 2 3 0 3 2 1 9 -1
2 2 3 0 5 2 25 396 1
2 2 3 1 3 3 1 18 -1
2 2 3 1 5 3 25 198 1
2 2 3 2 5 4 5 22 1
2 2 3 3 5 5 25 66 1
2 2 4 -4 2 -2 5 14 1
2 2 4 -4 4 -2 30 847 -1
2 2 4 -4 6 -2 5 6292 1
2 2 4 -3 2 -1 5 28 1
2 2 4 -3 4 -1 135 1694 -1
2 2 4 -3 6 -1 25 6292 1
2 2 4 -2 2 0 15 196 1
2 2 4 -2 4 0 675 5929 -1
2 2 4 -2 6 0 75 6292 1
2 2 4 -1 2 1 5 196 1
2 2 4 -1 4 1 750 5929 -1
2 2 4 -1 6 1 175 6292 1
2 2 4 0 2 2 1 196 1
2 2 4 0 4 2 675 5929 -1
2 2 4 0 6 2 175 3146 1
2 2 4 1 4 3 135 1694 -1
2 2 4 1 6 3 315 3146 1
2 2 4 2 4 4 30 847 -1
2 2 4 2 6 4 525 3146 1
2 2 4 3 6 5 75 286 1
2 2 4 4 6 6 225 572 1
2 2 5 -5 3 -3 25 66 1
2 2 5 -5 5 -3 25 1014 -1
2 2 5 -4 3 -2 5 22 1
2 2 5 -4 5 -2 10 169 -1
2 2 5 -3 3 -1 25 198 1
2 2 5 -3 5 -1 140 1521 -1
2 2 5 -2 3 0 25 396 1
2 2 5 -2 5 0 175 1521 -1
2 2 5 -1 3 1 25 924 1
2 2 5 -1 5 1 125 1014 -1
2 2 5 0 3 2 25 2772 1
2 2 5 0 5 2 175 1521 -1
2 2 5 1 3 3 5 2772 1
2 2 5 1 5 3 140 1521 -1
2 2 5 2 5 4 10 169 -1
2 2 5 3 5 5 25 1014 -1
2 2 6 -6 4 -4 225 572 1
2 2 6 -6 6 -4 1 55 -1
2 2 6 -5 4 -3 75 286 1
2 2 6 -5 6 -3 1 22 -1
2 2 6 -4 4 -2 525 3146 1
2 2 6 -4 6 -2 9 121 -1
2 2 6 -3 4 -1 315 3146 1
2 2 6 -3 6 -1 12 121 -1
2 2 6 -2 4 0 175 3146 1
2 2 6 -2 6 0 14 121 -1
2 2 6 -1 4 1 175 6292 1
2 2 6 -1 6 1 147 1210 -1
2 2 6 0 4 2 75 6292 1
2 2 6 0 6 2 14 121 -1
2 2 6 1 4 3 25 6292 1
2 2 6 1 6 3 12 121 -1
2 2 6 2 4 4 5 6292 1
2 2 6 2 6 4 9 121 -1
2 2 6 3 6 5 1 22 -1
2 2 6 4 6 6 1 55 -1
3 -3 0 0 3 -3 1 4 1
3 -3 1 -1 4 -4 1 3 1
3 -3 1 0 4 -3 1 12 1
3 -3 1 1 2 -2 9 28 -1
3 -3 1 1 4 -2 1 84 1
3 -3 2 -2 5 -5 25 66 1
3 -3 2 -1 5 -4 5 33 1
3 -3 2 0 3 -3 5 36 -1
3 -3 2 0 5 -3 5 99 1
3 -3 2 1 3 -2 5 36 -1
3 -3 2 1 5 -2 5 396 1
3 -3 2 2 1 -1 9 28 1
3 -3 2 2 3 -1 1 18 -1
3 -3 2 2 5 -1 5 2772 1
3 -3 3 -3 6 -6 175 429 1
3 -3 3 -2 6 -5 175 858 1
3 -3 3 -1 4 -4 21 242 -1
3 -3 3 -1 6 -4 875 9438 1
3 -3 3 0 4 -3 63 484 -1
3 -3 3 0 6 -3 175 4719 1
3 -3 3 1 2 -2 1 18 1
3 -3 3 1 4 -2 27 242 -1
3 -3 3 1 6 -2 175 14157 1
3 -3 3 2 2 -1 5 36 1
3 -3 3 2 4 -1 15 242 -1
3 -3 3 2 6 -1 175 56628 1
3 -3 3 3 0 0 1 4 -1
3 -3 3 3 2 0 5 36 1
3 -3 3 3 4 0 9 484 -1
3 -3 3 3 6 0 25 56628 1
3 -3 4 -2 5 -5 225 3718 -1
3 -3 4 -1 5 -4 405 3718 -1
3 -3 4 0 3 -3 9 484 1
3 -3 4 0 5 -3 225 1859 -1
3 -3 4 1 3 -2 15 242 1
3 -3 4 1 5 -2 375 3718 -1
3 -3 4 2 1 -1 1 84 -1
3 -3 4 2 3 -1 27 242 1
3 -3 4 2 5 -1 3375 52052 -1
3 -3 4 3 1 0 1 12 -1
3 -3 4 3 3 0 63 484 1
3 -3 4 3 5 0 225 7436 -1
3 -3 4 4 1 1 1 3 -1
3 -3 4 4 3 1 21 242 1
3 -3 4 4 5 1 15 1859 -1
3 -3 5 -3 6 -6 7 156 -1
3 -3 5 -2 6 -5 7 78 -1
3 -3 5 -1 4 -4 15 1859 1
3 -3 5 -1 6 -4 49 429 -1
3 -3 5 0 4 -3 225 7436 1
3 -3 5 0 6 -3 49 429 -1
3 -3 5 1 2 -2 5 2772 -1
3 -3 5 1 4 -2 3375 52052 1
3 -3 5 1 6 -2 245 2574 -1
3 -3 5 2 2 -1 5 396 -1
3 -3 5 2 4 -1 375 3718 1
3 -3 5 2 6 -1 343 5148 -1
3 -3 5 3 2 0 5 99 -1
3 -3 5 3 4 0 225 1859 1
3 -3 5 3 6 0 49 1287 -1
3 -3 5 4 2 1 5 33 -1
3 -3 5 4 4 1 405 3718 1
3 -3 5 4 6 1 7 429 -1
3 -3 5 5 2 2 25 66 -1
3 -3 5 5 4 2 225 3718 1
3 -3 5 5 6 2 7 1716 -1
3 -3 6 -2 5 -5 7 1716 1
3 -3 6 -1 5 -4 7 429 1
3 -3 6 0 3 -3 25 56628 -1
3 -3 6 0 5 -3 49 1287 1
3 -3 6 1 3 -2 175 56628 -1
3 -3 6 1 5 -2 343 5148 1
3 -3 6 2 3 -1 175 14157 -1
3 -3 6 2 5 -1 245 2574 1
3 -3 6 3 3 0 175 4719 -1
3 -3 6 3 5 0 49 429 1
3 -3 6 4 3 1 875 9438 -1
3 -3 6 4 5 1 49 429 1
3 -3 6 5 3 2 175 858 -1
3 -3 6 5 5 2 7 78 1
3 -3 6 6 3 3 175 429 -1
3 -3 6 6 5 3 7 156 1
3 -2 0 0 3 -2 1 4 1
3 -2 1 -1 4 -3 1 4 1
3 -2 1 0 2 -2 3 28 1
3 -2 1 0 4 -2 1 7 1
3 -2 1 1 2 -1 3 14 -1
3 -2 1 1 4 -1 1 28 1
3 -2 2 -2 5 -4 5 22 1
3 -2 2 -1 3 -3 5 36 1
3 -2 2 -1 5 -3 20 99 1
3 -2 2 0 5 -2 5 44 1
3 -2 2 1 1 -1 3 14 -1
3 -2 2 1 3 -1 1 12 -1
3 -2 2 1 5 -1 10 231 1
3 -2 2 2 1 0 3 28 1
3 -2 2 2 3 0 1 9 -1
3 -2 2 2 5 0 25 2772 1
3 -2 3 -3 6 -5 175 858 1
3 -2 3 -2 4 -4 35 242 1
3 -2 3 -2 6 -4 350 1573 1
3 -2 3 -1 4 -3 7 242 1
3 -2 3 -1 6 -3 525 3146 1
3 -2 3 0 2 -2 1 9 -1
3 -2 3 0 4 -2 3 484 -1
3 -2 3 0 6 -2 1400 14157 1
3 -2 3 1 2 -1 1 12 -1
3 -2 3 1 4 -1 8 121 -1
3 -2 3 1 6 -1 875 18876 1
3 -2 3 2 0 0 1 4 1
3 -2 3 2 4 0 49 484 -1
3 -2 3 2 6 0 25 1573 1
3 -2 3 3 2 1 5 36 1
3 -2 3 3 4 1 15 242 -1
3 -2 3 3 6 1 175 56628 1
3 -2 4 -3 5 -5 525 3718 1
3 -2 4 -2 5 -4 120 1859 1
3 -2 4 -1 3 -3 15 242 -1
3 -2 4 -1 5 -3 15 3718 1
3 -2 4 0 3 -2 49 484 -1
3 -2 4 0 5 -2 25 1859 -1
3 -2 4 1 1 -1 1 28 1
3 -2 4 1 3 -1 8 121 -1
3 -2 4 1 5 -1 3125 52052 -1
3 -2 4 2 1 0 1 7 1
3 -2 4 2 3 0 3 484 -1
3 -2 4 2 5 0 1200 13013 -1
3 -2 4 3 1 1 1 4 1
3 -2 4 3 3 1 7 242 1
3 -2 4 3 5 1 55 676 -1
3 -2 4 4 3 2 35 242 1
3 -2 4 4 5 2 70 1859 -1
3 -2 5 -4 6 -6 7 52 1
3 -2 5 -3 6 -5 7 78 1
3 -2 5 -2 4 -4 70 1859 -1
3 -2 5 -2 6 -4 7 286 1
3 -2 5 -1 4 -3 55 676 -1
3 -2 5 0 2 -2 25 2772 1
3 -2 5 0 4 -2 1200 13013 -1
3 -2 5 0 6 -2 49 2574 -1
3 -2 5 1 2 -1 10 231 1
3 -2 5 1 4 -1 3125 52052 -1
3 -2 5 1 6 -1 49 858 -1
3 -2 5 2 2 0 5 44 1
3 -2 5 2 4 0 25 1859 -1
3 -2 5 2 6 0 49 572 -1
3 -2 5 3 2 1 20 99 1
3 -2 5 3 4 1 15 3718 1
3 -2 5 3 6 1 112 1287 -1
3 -2 5 4 2 2 5 22 1
3 -2 5 4 4 2 120 1859 1
3 -2 5 4 6 2 35 572 -1
3 -2 5 5 4 3 525 3718 1
3 -2 5 5 6 3 7 286 -1
3 -2 6 -3 5 -5 7 286 -1
3 -2 6 -2 5 -4 35 572 -1
3 -2 6 -1 3 -3 175 56628 1
3 -2 6 -1 5 -3 112 1287 -1
3 -2 6 0 3 -2 25 1573 1
3 -2 6 0 5 -2 49 572 -1
3 -2 6 1 3 -1 875 18876 1
3 -2 6 1 5 -1 49 858 -1
3 -2 6 2 3 0 1400 14157 1
3 -2 6 2 5 0 49 2574 -1
3 -2 6 3 3 1 525 3146 1
3 -2 6 4 3 2 350 1573 1
3 -2 6 4 5 2 7 286 1
3 -2 6 5 3 3 175 858 1
3 -2 6 5 5 3 7 78 1
3 -2 6 6 5 4 7 52 1
3 -1 0 0 3 -1 1 4 1
3 -1 1 -1 2 -2 3 140 -1
3 -1 1 -1 4 -2 5 28 1
3 -1 1 0 2 -1 6 35 1
3 -1 1 0 4 -1 5 28 1
3 -1 1 1 2 0 9 70 -1
3 -1 1 1 4 0 1 14 1
3 -1 2 -2 3 -3 1 18 -1
3 -1 2 -2 5 -3 25 198 1
3 -1 2 -1 3 -2 1 12 1
3 -1 2 -1 5 -2 25 132 1
3 -1 2 0 1 -1 9 70 1
3 -1 2 0 3 -1 1 20 1
3 -1 2 0 5 -1 25 154 1
3 -1 2 1 1 0 6 35 -1
3 -1 2 1 3 0 1 90 -1
3 -1 2 1 5 0 125 1386 1
3 -1 2 2 1 1 3 140 1
3 -1 2 2 3 1 2 15 -1
3 -1 2 2 5 1 25 924 1
3 -1 3 -3 4 -4 21 242 -1
3 -1 3 -3 6 -4 875 9438 1
3 -1 3 -2 4 -3 7 242 1
3 -1 3 -2 6 -3 525 3146 1
3 -1 3 -1 2 -2 2 15 1
3 -1 3 -1 4 -2 10 121 1
3 -1 3 -1 6 -2 875 4719 1
3 -1 3 0 2 -1 1 90 1
3 -1 3 0 4 -1 15 484 1
3 -1 3 0 6 -1 4375 28314 1
3 -1 3 1 0 0 1 4 -1
3 -1 3 1 2 0 1 20 -1
3 -1 3 1 4 0 1 484 -1
3 -1 3 1 6 0 625 6292 1
3 -1 3 2 2 1 1 12 -1
3 -1 3 2 4 1 8 121 -1
3 -1 3 2 6 1 875 18876 1
3 -1 3 3 2 2 1 18 1
3 -1 3 3 4 2 27 242 -1
3 -1 3 3 6 2 175 14157 1
3 -1 4 -4 5 -5 210 1859 -1
3 -1 4 -3 5 -4 21 3718 1
3 -1 4 -2 3 -3 27 242 1
3 -1 4 -2 5 -3 243 3718 1
3 -1 4 -1 3 -2 8 121 1
3 -1 4 -1 5 -2 128 1859 1
3 -1 4 0 1 -1 1 14 -1
3 -1 4 0 3 -1 1 484 1
3 -1 4 0 5 -1 55 2366 1
3 -1 4 1 1 0 5 28 -1
3 -1 4 1 3 0 15 484 -1
3 -1 4 1 5 0 15 52052 -1
3 -1 4 2 1 1 5 28 -1
3 -1 4 2 3 1 10 121 -1
3 -1 4 2 5 1 1849 52052 -1
3 -1 4 3 3 2 7 242 -1
3 -1 4 3 5 2 343 3718 -1
3 -1 4 4 3 3 21 242 1
3 -1 4 4 5 3 168 1859 -1
3 -1 5 -5 6 -6 7 52 -1
3 -1 5 -3 4 -4 168 1859 1
3 -1 5 -3 6 -4 35 858 1
3 -1 5 -2 4 -3 343 3718 1
3 -1 5 -2 6 -3 21 286 1
3 -1 5 -1 2 -2 25 924 -1
3 -1 5 -1 4 -2 1849 52052 1
3 -1 5 -1 6 -2 49 858 1
3 -1 5 0 2 -1 125 1386 -1
3 -1 5 0 4 -1 15 52052 1
3 -1 5 0 6 -1 49 2574 1
3 -1 5 1 2 0 25 154 -1
3 -1 5 1 4 0 55 2366 -1
3 -1 5 2 2 1 25 132 -1
3 -1 5 2 4 1 128 1859 -1
3 -1 5 2 6 1 35 1716 -1
3 -1 5 3 2 2 25 198 -1
3 -1 5 3 4 2 243 3718 -1
3 -1 5 3 6 2 343 5148 -1
3 -1 5 4 4 3 21 3718 -1
3 -1 5 4 6 3 14 143 -1
3 -1 5 5 4 4 210 1859 1
3 -1 5 5 6 4 21 286 -1
3 -1 6 -4 5 -5 21 286 1
3 -1 6 -3 5 -4 14 143 1
3 -1 6 -2 3 -3 175 14157 -1
3 -1 6 -2 5 -3 343 5148 1
3 -1 6 -1 3 -2 875 18876 -1
3 -1 6 -1 5 -2 35 1716 1
3 -1 6 0 3 -1 625 6292 -1
3 -1 6 1 3 0 4375 28314 -1
3 -1 6 1 5 0 49 2574 -1
3 -1 6 2 3 1 875 4719 -1
3 -1 6 2 5 1 49 858 -1
3 -1 6 3 3 2 525 3146 -1
3 -1 6 3 5 2 21 286 -1
3 -1 6 4 3 3 875 9438 -1
3 -1 6 4 5 3 35 858 -1
3 -1 6 6 5 5 7 52 1
3 0 0 0 3 0 1 4 1
3 0 1 -1 2 -1 9 140 -1
3 0 1 -1 4 -1 5 42 1
3 0 1 0 2 0 27 140 1
3 0 1 0 4 0 4 21 1
3 0 1 1 2 1 9 140 -1
3 0 1 1 4 1 5 42 1
3 0 2 -2 3 -2 1 9 -1
3 0 2 -2 5 -2 25 396 1
3 0 2 -1 1 -1 9 140 -1
3 0 2 -1 3 -1 1 90 1
3 0 2 -1 5 -1 100 693 1
3 0 2 0 1 0 27 140 1
3 0 2 0 3 0 4 45 1
3 0 2 0 5 0 125 693 1
3 0 2 1 1 1 9 140 -1
3 0 2 1 3 1 1 90 1
3 0 2 1 5 1 100 693 1
3 0 2 2 3 2 1 9 -1
3 0 2 2 5 2 25 396 1
3 0 3 -3 4 -3 63 484 -1
3 0 3 -3 6 -3 175 4719 1
3 0 3 -2 2 -2 1 9 -1
3 0 3 -2 4 -2 3 484 -1
3 0 3 -2 6 -2 1400 14157 1
3 0 3 -1 2 -1 1 90 1
3 0 3 -1 4 -1 15 484 1
3 0 3 -1 6 -1 4375 28314 1
3 0 3 0 0 0 1 4 1
3 0 3 0 2 0 4 45 1
3 0 3 0 4 0 9 121 1
3 0 3 0 6 0 2500 14157 1
3 0 3 1 2 1 1 90 1
3 0 3 1 4 1 15 484 1
3 0 3 1 6 1 4375 28314 1
3 0 3 2 2 2 1 9 -1
3 0 3 2 4 2 3 484 -1
3 0 3 2 6 2 1400 14157 1
3 0 3 3 4 3 63 484 -1
3 0 3 3 6 3 175 4719 1
3 0 4 -4 5 -4 252 1859 -1
3 0 4 -3 3 -3 63 484 -1
3 0 4 -3 5 -3 63 1859 -1
3 0 4 -2 3 -2 3 484 -1
3 0 4 -2 5 -2 3 1859 1
3 0 4 -1 1 -1 5 42 1
3 0 4 -1 3 -1 15 484 1
3 0 4 -1 5 -1 1083 26026 1
3 0 4 0 1 0 4 21 1
3 0 4 0 3 0 9 121 1
3 0 4 0 5 0 900 13013 1
3 0 4 1 1 1 5 42 1
3 0 4 1 3 1 15 484 1
3 0 4 1 5 1 1083 26026 1
3 0 4 2 3 2 3 484 -1
3 0 4 2 5 2 3 1859 1
3 0 4 3 3 3 63 484 -1
3 0 4 3 5 3 63 1859 -1
3 0 4 4 5 4 252 1859 -1
3 0 5 -5 6 -5 7 52 -1
3 0 5 -4 4 -4 252 1859 -1
3 0 5 -4 6 -4 35 572 -1
3 0 5 -3 4 -3 63 1859 -1
3 0 5 -3 6 -3 7 1716 -1
3 0 5 -2 2 -2 25 396 1
3 0 5 -2 4 -2 3 1859 1
3 0 5 -2 6 -2 14 1287 1
3 0 5 -1 2 -1 100 693 1
3 0 5 -1 4 -1 1083 26026 1
3 0 5 -1 6 -1 245 5148 1
3 0 5 0 2 0 125 693 1
3 0 5 0 4 0 900 13013 1
3 0 5 0 6 0 343 5148 1
3 0 5 1 2 1 100 693 1
3 0 5 1 4 1 1083 26026 1
3 0 5 1 6 1 245 5148 1
3 0 5 2 2 2 25 396 1
3 0 5 2 4 2 3 1859 1
3 0 5 2 6 2 14 1287 1
3 0 5 3 4 3 63 1859 -1
3 0 5 3 6 3 7 1716 -1
3 0 5 4 4 4 252 1859 -1
3 0 5 4 6 4 35 572 -1
3 0 5 5 6 5 7 52 -1
3 0 6 -5 5 -5 7 52 -1
3 0 6 -4 5 -4 35 572 -1
3 0 6 -3 3 -3 175 4719 1
3 0 6 -3 5 -3 7 1716 -1
3 0 6 -2 3 -2 1400 14157 1
3 0 6 -2 5 -2 14 1287 1
3 0 6 -1 3 -1 4375 28314 1
3 0 6 -1 5 -1 245 5148 1
3 0 6 0 3 0 2500 14157 1
3 0 6 0 5 0 343 5148 1
3 0 6 1 3 1 4375 28314 1
3 0 6 1 5 1 245 5148 1
3 0 6 2 3 2 1400 14157 1
3 0 6 2 5 2 14 1287 1
3 0 6 3 3 3 175 4719 1
3 0 6 3 5 3 7 1716 -1
3 0 6 4 5 4 35 572 -1
3 0 6 5 5 5 7 52 -1
3 1 0 0 3 1 1 4 1
3 1 1 -1 2 0 9 70 -1
3 1 1 -1 4 0 1 14 1
3 1 1 0 2 1 6 35 1
3 1 1 0 4 1 5 28 1
3 1 1 1 2 2 3 140 -1
3 1 1 1 4 2 5 28 1
3 1 2 -2 1 -1 3 140 1
3 1 2 -2 3 -1 2 15 -1
3 1 2 -2 5 -1 25 924 1
3 1 2 -1 1 0 6 35 -1
3 1 2 -1 3 0 1 90 -1
3 1 2 -1 5 0 125 1386 1
3 1 2 0 1 1 9 70 1
3 1 2 0 3 1 1 20 1
3 1 2 0 5 1 25 154 1
3 1 2 1 3 2 1 12 1
3 1 2 1 5 2 25 132 1
3 1 2 2 3 3 1 18 -1
3 1 2 2 5 3 25 198 1
3 1 3 -3 2 -2 1 18 1
3 1 3 -3 4 -2 27 242 -1
3 1 3 -3 6 -2 175 14157 1
3 1 3 -2 2 -1 1 12 -1
3 1 3 -2 4 -1 8 121 -1
3 1 3 -2 6 -1 875 18876 1
3 1 3 -1 0 0 1 4 -1
3 1 3 -1 2 0 1 20 -1
3 1 3 -1 4 0 1 484 -1
3 1 3 -1 6 0 625 6292 1
3 1 3 0 2 1 1 90 1
3 1 3 0 4 1 15 484 1
3 1 3 0 6 1 4375 28314 1
3 1 3 1 2 2 2 15 1
3 1 3 1 4 2 10 121 1
3 1 3 1 6 2 875 4719 1
3 1 3 2 4 3 7 242 1
3 1 3 2 6 3 525 3146 1
3 1 3 3 4 4 21 242 -1
3 1 3 3 6 4 875 9438 1
3 1 4 -4 3 -3 21 242 1
3 1 4 -4 5 -3 168 1859 -1
3 1 4 -3 3 -2 7 242 -1
3 1 4 -3 5 -2 343 3718 -1
3 1 4 -2 1 -1 5 28 -1
3 1 4 -2 3 -1 10 121 -1
3 1 4 -2 5 -1 1849 52052 -1
3 1 4 -1 1 0 5 28 -1
3 1 4 -1 3 0 15 484 -1
3 1 4 -1 5 0 15 52052 -1
3 1 4 0 1 1 1 14 -1
3 1 4 0 3 1 1 484 1
3 1 4 0 5 1 55 2366 1
3 1 4 1 3 2 8 121 1
3 1 4 1 5 2 128 1859 1
3 1 4 2 3 3 27 242 1
3 1 4 2 5 3 243 3718 1
3 1 4 3 5 4 21 3718 1
3 1 4 4 5 5 210 1859 -1
3 1 5 -5 4 -4 210 1859 1
3 1 5 -5 6 -4 21 286 -1
3 1 5 -4 4 -3 21 3718 -1
3 1 5 -4 6 -3 14 143 -1
3 1 5 -3 2 -2 25 198 -1
3 1 5 -3 4 -2 243 3718 -1
3 1 5 -3 6 -2 343 5148 -1
3 1 5 -2 2 -1 25 132 -1
3 1 5 -2 4 -1 128 1859 -1
3 1 5 -2 6 -1 35 1716 -1
3 1 5 -1 2 0 25 154 -1
3 1 5 -1 4 0 55 2366 -1
3 1 5 0 2 1 125 1386 -1
3 1 5 0 4 1 15 52052 1
3 1 5 0 6 1 49 2574 1
3 1 5 1 2 2 25 924 -1
3 1 5 1 4 2 1849 52052 1
3 1 5 1 6 2 49 858 1
3 1 5 2 4 3 343 3718 1
3 1 5 2 6 3 21 286 1
3 1 5 3 4 4 168 1859 1
3 1 5 3 6 4 35 858 1
3 1 5 5 6 6 7 52 -1
3 1 6 -6 5 -5 7 52 1
3 1 6 -4 3 -3 875 9438 -1
3 1 6 -4 5 -3 35 858 -1
3 1 6 -3 3 -2 525 3146 -1
3 1 6 -3 5 -2 21 286 -1
3 1 6 -2 3 -1 875 4719 -1
3 1 6 -2 5 -1 49 858 -1
3 1 6 -1 3 0 4375 28314 -1
3 1 6 -1 5 0 49 2574 -1
3 1 6 0 3 1 625 6292 -1
3 1 6 1 3 2 875 18876 -1
3 1 6 1 5 2 35 1716 1
3 1 6 2 3 3 175 14157 -1
3 1 6 2 5 3 343 5148 1
3 1 6 3 5 4 14 143 1
3 1 6 4 5 5 21 286 1
3 2 0 0 3 2 1 4 1
3 2 1 -1 2 1 3 14 -1
3 2 1 -1 4 1 1 28 1
3 2 1 0 2 2 3 28 1
3 2 1 0 4 2 1 7 1
3 2 1 1 4 3 1 4 1
3 2 2 -2 1 0 3 28 1
3 2 2 -2 3 0 1 9 -1
3 2 2 -2 5 0 25 2772 1
3 2 2 -1 1 1 3 14 -1
3 2 2 -1 3 1 1 12 -1
3 2 2 -1 5 1 10 231 1
3 2 2 0 5 2 5 44 1
3 2 2 1 3 3 5 36 1
3 2 2 1 5 3 20 99 1
3 2 2 2 5 4 5 22 1
3 2 3 -3 2 -1 5 36 1
3 2 3 -3 4 -1 15 242 -1
3 2 3 -3 6 -1 175 56628 1
3 2 3 -2 0 0 1 4 1
3 2 3 -2 4 0 49 484 -1
3 2 3 -2 6 0 25 1573 1
3 2 3 -1 2 1 1 12 -1
3 2 3 -1 4 1 8 121 -1
3 2 3 -1 6 1 875 18876 1
3 2 3 0 2 2 1 9 -1
3 2 3 0 4 2 3 484 -1
3 2 3 0 6 2 1400 14157 1
3 2 3 1 4 3 7 242 1
3 2 3 1 6 3 525 3146 1
3 2 3 2 4 4 35 242 1
3 2 3 2 6 4 350 1573 1
3 2 3 3 6 5 175 858 1
3 2 4 -4 3 -2 35 242 1
3 2 4 -4 5 -2 70 1859 -1
3 2 4 -3 1 -1 1 4 1
3 2 4 -3 3 -1 7 242 1
3 2 4 -3 5 -1 55 676 -1
3 2 4 -2 1 0 1 7 1
3 2 4 -2 3 0 3 484 -1
3 2 4 -2 5 0 1200 13013 -1
3 2 4 -1 1 1 1 28 1
3 2 4 -1 3 1 8 121 -1
3 2 4 -1 5 1 3125 52052 -1
3 2 4 0 3 2 49 484 -1
3 2 4 0 5 2 25 1859 -1
3 2 4 1 3 3 15 242 -1
3 2 4 1 5 3 15 3718 1
3 2 4 2 5 4 120 1859 1
3 2 4 3 5 5 525 3718 1
3 2 5 -5 4 -3 525 3718 1
3 2 5 -5 6 -3 7 286 -1
3 2 5 -4 2 -2 5 22 1
3 2 5 -4 4 -2 120 1859 1
3 2 5 -4 6 -2 35 572 -1
3 2 5 -3 2 -1 20 99 1
3 2 5 -3 4 -1 15 3718 1
3 2 5 -3 6 -1 112 1287 -1
3 2 5 -2 2 0 5 44 1
3 2 5 -2 4 0 25 1859 -1
3 2 5 -2 6 0 49 572 -1
3 2 5 -1 2 1 10 231 1
3 2 5 -1 4 1 3125 52052 -1
3 2 5 -1 6 1 49 858 -1
3 2 5 0 2 2 25 2772 1
3 2 5 0 4 2 1200 13013 -1
3 2 5 0 6 2 49 2574 -1
3 2 5 1 4 3 55 676 -1
3 2 5 2 4 4 70 1859 -1
3 2 5 2 6 4 7 286 1
3 2 5 3 6 5 7 78 1
3 2 5 4 6 6 7 52 1
3 2 6 -6 5 -4 7 52 1
3 2 6 -5 3 -3 175 858 1
3 2 6 -5 5 -3 7 78 1
3 2 6 -4 3 -2 350 1573 1
3 2 6 -4 5 -2 7 286 1
3 2 6 -3 3 -1 525 3146 1
3 2 6 -2 3 0 1400 14157 1
3 2 6 -2 5 0 49 2574 -1
3 2 6 -1 3 1 875 18876 1
3 2 6 -1 5 1 49 858 -1
3 2 6 0 3 2 25 1573 1
3 2 6 0 5 2 49 572 -1
3 2 6 1 3 3 175 56628 1
3 2 6 1 5 3 112 1287 -1
3 2 6 2 5 4 35 572 -1
3 2 6 3 5 5 7 286 -1
3 3 0 0 3 3 1 4 1
3 3 1 -1 2 2 9 28 -1
3 3 1 -1 4 2 1 84 1
3 3 1 0 4 3 1 12 1
3 3 1 1 4 4 1 3 1
3 3 2 -2 1 1 9 28 1
3 3 2 -2 3 1 1 18 -1
3 3 2 -2 5 1 5 2772 1
3 3 2 -1 3 2 5 36 -1
3 3 2 -1 5 2 5 396 1
3 3 2 0 3 3 5 36 -1
3 3 2 0 5 3 5 99 1
3 3 2 1 5 4 5 33 1
3 3 2 2 5 5 25 66 1
3 3 3 -3 0 0 1 4 -1
3 3 3 -3 2 0 5 36 1
3 3 3 -3 4 0 9 484 -1
3 3 3 -3 6 0 25 56628 1
3 3 3 -2 2 1 5 36 1
3 3 3 -2 4 1 15 242 -1
3 3 3 -2 6 1 175 56628 1
3 3 3 -1 2 2 1 18 1
3 3 3 -1 4 2 27 242 -1
3 3 3 -1 6 2 175 14157 1
3 3 3 0 4 3 63 484 -1
3 3 3 0 6 3 175 4719 1
3 3 3 1 4 4 21 242 -1
3 3 3 1 6 4 875 9438 1
3 3 3 2 6 5 175 858 1
3 3 3 3 6 6 175 429 1
3 3 4 -4 1 -1 1 3 -1
3 3 4 -4 3 -1 21 242 1
3 3 4 -4 5 -1 15 1859 -1
3 3 4 -3 1 0 1 12 -1
3 3 4 -3 3 0 63 484 1
3 3 4 -3 5 0 225 7436 -1
3 3 4 -2 1 1 1 84 -1
3 3 4 -2 3 1 27 242 1
3 3 4 -2 5 1 3375 52052 -1
3 3 4 -1 3 2 15 242 1
3 3 4 -1 5 2 375 3718 -1
3 3 4 0 3 3 9 484 1
3 3 4 0 5 3 225 1859 -1
3 3 4 1 5 4 405 3718 -1
3 3 4 2 5 5 225 3718 -1
3 3 5 -5 2 -2 25 66 -1
3 3 5 -5 4 -2 225 3718 1
3 3 5 -5 6 -2 7 1716 -1
3 3 5 -4 2 -1 5 33 -1
3 3 5 -4 4 -1 405 3718 1
3 3 5 -4 6 -1 7 429 -1
3 3 5 -3 2 0 5 99 -1
3 3 5 -3 4 0 225 1859 1
3 3 5 -3 6 0 49 1287 -1
3 3 5 -2 2 1 5 396 -1
3 3 5 -2 4 1 375 3718 1
3 3 5 -2 6 1 343 5148 -1
3 3 5 -1 2 2 5 2772 -1
3 3 5 -1 4 2 3375 52052 1
3 3 5 -1 6 2 245 2574 -1
3 3 5 0 4 3 225 7436 1
3 3 5 0 6 3 49 429 -1
3 3 5 1 4 4 15 1859 1
3 3 5 1 6 4 49 429 -1
3 3 5 2 6 5 7 78 -1
3 3 5 3 6 6 7 156 -1
3 3 6 -6 3 -3 175 429 -1
3 3 6 -6 5 -3 7 156 1
3 3 6 -5 3 -2 175 858 -1
3 3 6 -5 5 -2 7 78 1
3 3 6 -4 3 -1 875 9438 -1
3 3 6 -4 5 -1 49 429 1
3 3 6 -3 3 0 175 4719 -1
3 3 6 -3 5 0 49 429 1
3 3 6 -2 3 1 175 14157 -1
3 3 6 -2 5 1 245 2574 1
3 3 6 -1 3 2 175 56628 -1
3 3 6 -1 5 2 343 5148 1
3 3 6 0 3 3 25 56628 -1
3 3 6 0 5 3 49 1287 1
3 3 6 1 5 4 7 429 1
3 3 6 2 5 5 7 1716 1
4 -4 0 0 4 -4 1 4 1
4 -4 1 -1 5 -5 15 44 1
4 -4 1 0 5 -4 3 44 1
4 -4 1 1 3 -3 1 3 -1
4 -4 1 1 5 -3 1 132 1
4 -4 2 -2 6 -6 225 572 1
4 -4 2 -1 6 -5 75 572 1
4 -4 2 0 4 -4 20 121 -1
4 -4 2 0 6 -4 225 6292 1
4 -4 2 1 4 -3 15 121 -1
4 -4 2 1 6 -3 45 6292 1
4 -4 2 2 2 -2 5 14 1
4 -4 2 2 4 -2 30 847 -1
4 -4 2 2 6 -2 5 6292 1
4 -4 3 -1 5 -5 210 1859 -1
4 -4 3 0 5 -4 252 1859 -1
4 -4 3 1 3 -3 21 242 1
4 -4 3 1 5 -3 168 1859 -1
4 -4 3 2 3 -2 35 242 1
4 -4 3 2 5 -2 70 1859 -1
4 -4 3 3 1 -1 1 3 -1
4 -4 3 3 3 -1 21 242 1
4 -4 3 3 5 -1 15 1859 -1
4 -4 4 -2 6 -6 12 143 -1
4 -4 4 -1 6 -5 18 143 -1
4 -4 4 0 4 -4 729 20449 1
4 -4 4 0 6 -4 180 1573 -1
4 -4 4 1 4 -3 3645 40898 1
4 -4 4 1 6 -3 120 1573 -1
4 -4 4 2 2 -2 30 847 -1
4 -4 4 2 4 -2 32805 286286 1
4 -4 4 2 6 -2 60 1573 -1
4 -4 4 3 2 -1 15 121 -1
4 -4 4 3 4 -1 3645 40898 1
4 -4 4 3 6 -1 21 1573 -1
4 -4 4 4 0 0 1 4 1
4 -4 4 4 2 0 20 121 -1
4 -4 4 4 4 0 729 20449 1
4 -4 4 4 6 0 4 1573 -1
4 -4 5 -1 5 -5 3 169 1
4 -4 5 0 5 -4 9 169 1
4 -4 5 1 3 -3 15 1859 -1
4 -4 5 1 5 -3 15 169 1
4 -4 5 2 3 -2 70 1859 -1
4 -4 5 2 5 -2 35 338 1
4 -4 5 3 1 -1 1 132 1
4 -4 5 3 3 -1 168 1859 -1
4 -4 5 3 5 -1 15 169 1
4 -4 5 4 1 0 3 44 1
4 -4 5 4 3 0 252 1859 -1
4 -4 5 4 5 0 9 169 1
4 -4 5 5 1 1 15 44 1
4 -4 5 5 3 1 210 1859 -1
4 -4 5 5 5 1 3 169 1
4 -4 6 -2 6 -6 63 6358 1
4 -4 6 -1 6 -5 105 3179 1
4 -4 6 0 4 -4 4 1573 -1
4 -4 6 0 6 -4 2205 34969 1
4 -4 6 1 4 -3 21 1573 -1
4 -4 6 1 6 -3 3087 34969 1
4 -4 6 2 2 -2 5 6292 1
4 -4 6 2 4 -2 60 1573 -1
4 -4 6 2 6 -2 3430 34969 1
4 -4 6 3 2 -1 45 6292 1
4 -4 6 3 4 -1 120 1573 -1
4 -4 6 3 6 -1 3087 34969 1
4 -4 6 4 2 0 225 6292 1
4 -4 6 4 4 0 180 1573 -1
4 -4 6 4 6 0 2205 34969 1
4 -4 6 5 2 1 75 572 1
4 -4 6 5 4 1 18 143 -1
4 -4 6 5 6 1 105 3179 1
4 -4 6 6 2 2 225 572 1
4 -4 6 6 4 2 12 143 -1
4 -4 6 6 6 2 63 6358 1
4 -3 0 0 4 -3 1 4 1
4 -3 1 -1 5 -4 3 11 1
4 -3 1 0 3 -3 1 12 1
4 -3 1 0 5 -3 4 33 1
4 -3 1 1 3 -2 1 4 -1
4 -3 1 1 5 -2 1 44 1
4 -3 2 -2 6 -5 75 286 1
4 -3 2 -1 4 -4 15 121 1
4 -3 2 -1 6 -4 300 1573 1
4 -3 2 0 4 -3 5 484 -1
4 -3 2 0 6 -3 135 1573 1
4 -3 2 1 2 -2 5 28 -1
4 -3 2 1 4 -2 375 3388 -1
4 -3 2 1 6 -2 40 1573 1
4 -3 2 2 2 -1 5 28 1
4 -3 2 2 4 -1 135 1694 -1
4 -3 2 2 6 -1 25 6292 1
4 -3 3 -2 5 -5 525 3718 1
4 -3 3 -1 5 -4 21 3718 1
4 -3 3 0 3 -3 63 484 -1
4 -3 3 0 5 -3 63 1859 -1
4 -3 3 1 3 -2 7 242 -1
4 -3 3 1 5 -2 343 3718 -1
4 -3 3 2 1 -1 1 4 1
4 -3 3 2 3 -1 7 242 1
4 -3 3 2 5 -1 55 676 -1
4 -3 3 3 1 0 1 12 -1
4 -3 3 3 3 0 63 484 1
4 -3 3 3 5 0 225 7436 -1
4 -3 4 -3 6 -6 21 143 1
4 -3 4 -2 6 -5 9 286 1
4 -3 4 -1 4 -4 3645 40898 -1
4 -3 4 -1 6 -4 9 3146 -1
4 -3 4 0 4 -3 6561 81796 -1
4 -3 4 0 6 -3 75 1573 -1
4 -3 4 1 2 -2 135 1694 1
4 -3 4 1 4 -2 3645 286286 -1
4 -3 4 1 6 -2 135 1573 -1
4 -3 4 2 2 -1 375 3388 1
4 -3 4 2 4 -1 3645 286286 1
4 -3 4 2 6 -1 39 484 -1
4 -3 4 3 0 0 1 4 -1
4 -3 4 3 2 0 5 484 1
4 -3 4 3 4 0 6561 81796 1
4 -3 4 3 6 0 289 6292 -1
4 -3 4 4 2 1 15 121 -1
4 -3 4 4 4 1 3645 40898 1
4 -3 4 4 6 1 21 1573 -1
4 -3 5 -2 5 -5 21 338 -1
4 -3 5 -1 5 -4 15 169 -1
4 -3 5 0 3 -3 225 7436 1
4 -3 5 0 5 -3 9 169 -1
4 -3 5 1 3 -2 55 676 1
4 -3 5 1 5 -2 5 676 -1
4 -3 5 2 1 -1 1 44 -1
4 -3 5 2 3 -1 343 3718 1
4 -3 5 2 5 -1 5 676 1
4 -3 5 3 1 0 4 33 -1
4 -3 5 3 3 0 63 1859 1
4 -3 5 3 5 0 9 169 1
4 -3 5 4 1 1 3 11 -1
4 -3 5 4 3 1 21 3718 -1
4 -3 5 4 5 1 15 169 1
4 -3 5 5 3 2 525 3718 -1
4 -3 5 5 5 2 21 338 1
4 -3 6 -3 6 -6 567 12716 -1
4 -3 6 -2 6 -5 1029 12716 -1
4 -3 6 -1 4 -4 21 1573 1
4 -3 6 -1 6 -4 2625 34969 -1
4 -3 6 0 4 -3 289 6292 1
4 -3 6 0 6 -3 1323 34969 -1
4 -3 6 1 2 -2 25 6292 -1
4 -3 6 1 4 -2 39 484 1
4 -3 6 1 6 -2 343 69938 -1
4 -3 6 2 2 -1 40 1573 -1
4 -3 6 2 4 -1 135 1573 1
4 -3 6 2 6 -1 343 69938 1
4 -3 6 3 2 0 135 1573 -1
4 -3 6 3 4 0 75 1573 1
4 -3 6 3 6 0 1323 34969 1
4 -3 6 4 2 1 300 1573 -1
4 -3 6 4 4 1 9 3146 1
4 -3 6 4 6 1 2625 34969 1
4 -3 6 5 2 2 75 286 -1
4 -3 6 5 4 2 9 286 -1
4 -3 6 5 6 2 1029 12716 1
4 -3 6 6 4 3 21 143 -1
4 -3 6 6 6 3 567 12716 1
4 -2 0 0 4 -2 1 4 1
4 -2 1 -1 3 -3 1 84 -1
4 -2 1 -1 5 -3 7 33 1
4 -2 1 0 3 -2 1 7 1
4 -2 1 0 5 -2 7 44 1
4 -2 1 1 3 -1 5 28 -1
4 -2 1 1 5 -1 1 22 1
4 -2 2 -2 4 -4 30 847 -1
4 -2 2 -2 6 -4 525 3146 1
4 -2 2 -1 4 -3 375 3388 1
4 -2 2 -1 6 -3 315 1573 1
4 -2 2 0 2 -2 15 196 1
4 -2 2 0 4 -2 80 5929 1
4 -2 2 0 6 -2 210 1573 1
4 -2 2 1 2 -1 10 49 -1
4 -2 2 1 4 -1 1215 23716 -1
4 -2 2 1 6 -1 175 3146 1
4 -2 2 2 2 0 15 196 1
4 -2 2 2 4 0 675 5929 -1
4 -2 2 2 6 0 75 6292 1
4 -2 3 -3 5 -5 225 3718 -1
4 -2 3 -2 5 -4 120 1859 1
4 -2 3 -1 3 -3 27 242 1
4 -2 3 -1 5 -3 243 3718 1
4 -2 3 0 3 -2 3 484 -1
4 -2 3 0 5 -2 3 1859 1
4 -2 3 1 1 -1 5 28 -1
4 -2 3 1 3 -1 10 121 -1
4 -2 3 1 5 -1 1849 52052 -1
4 -2 3 2 1 0 1 7 1
4 -2 3 2 3 0 3 484 -1
4 -2 3 2 5 0 1200 13013 -1
4 -2 3 3 1 1 1 84 -1
4 -2 3 3 3 1 27 242 1
4 -2 3 3 5 1 3375 52052 -1
4 -2 4 -4 6 -6 12 143 -1
4 -2 4 -3 6 -5 9 286 1
4 -2 4 -2 4 -4 32805 286286 1
4 -2 4 -2 6 -4 126 1573 1
4 -2 4 -1 4 -3 3645 286286 1
4 -2 4 -1 6 -3 105 3146 1
4 -2 4 0 2 -2 675 5929 -1
4 -2 4 0 4 -2 729 33124 -1
4 -2 4 1 2 -1 1215 23716 -1
4 -2 4 1 4 -1 65610 1002001 -1
4 -2 4 1 6 -1 189 6292 -1
4 -2 4 2 0 0 1 4 1
4 -2 4 2 2 0 80 5929 1
4 -2 4 2 4 0 729 33124 -1
4 -2 4 2 6 0 1 13 -1
4 -2 4 3 2 1 375 3388 1
4 -2 4 3 4 1 3645 286286 1
4 -2 4 3 6 1 39 484 -1
4 -2 4 4 2 2 30 847 -1
4 -2 4 4 4 2 32805 286286 1
4 -2 4 4 6 2 60 1573 -1
4 -2 5 -3 5 -5 18 169 1
4 -2 5 -2 5 -4 15 338 1
4 -2 5 -1 3 -3 3375 52052 -1
4 -2 5 0 3 -2 1200 13013 -1
4 -2 5 0 5 -2 21 676 -1
4 -2 5 1 1 -1 1 22 1
4 -2 5 1 3 -1 1849 52052 -1
4 -2 5 1 5 -1 10 169 -1
4 -2 5 2 1 0 7 44 1
4 -2 5 2 3 0 3 1859 1
4 -2 5 2 5 0 21 676 -1
4 -2 5 3 1 1 7 33 1
4 -2 5 3 3 1 243 3718 1
4 -2 5 4 3 2 120 1859 1
4 -2 5 4 5 2 15 338 1
4 -2 5 5 3 3 225 3718 -1
4 -2 5 5 5 3 18 169 1
4 -2 6 -4 6 -6 1215 12716 1
4 -2 6 -3 6 -5 216 3179 1
4 -2 6 -2 4 -4 60 1573 -1
4 -2 6 -2 6 -4 1587 139876 1
4 -2 6 -1 4 -3 39 484 -1
4 -2 6 -1 6 -3 144 34969 -1
4 -2 6 0 2 -2 75 6292 1
4 -2 6 0 4 -2 1 13 -1
4 -2 6 0 6 -2 21 578 -1
4 -2 6 1 2 -1 175 3146 1
4 -2 6 1 4 -1 189 6292 -1
4 -2 6 1 6 -1 1960 34969 -1
4 -2 6 2 2 0 210 1573 1
4 -2 6 2 6 0 21 578 -1
4 -2 6 3 2 1 315 1573 1
4 -2 6 3 4 1 105 3146 1
4 -2 6 3 6 1 144 34969 -1
4 -2 6 4 2 2 525 3146 1
4 -2 6 4 4 2 126 1573 1
4 -2 6 4 6 2 1587 139876 1
4 -2 6 5 4 3 9 286 1
4 -2 6 5 6 3 216 3179 1
4 -2 6 6 4 4 12 143 -1
4 -2 6 6 6 4 1215 12716 1
4 -1 0 0 4 -1 1 4 1
4 -1 1 -1 3 -2 1 28 -1
4 -1 1 -1 5 -2 7 44 1
4 -1 1 0 3 -1 5 28 1
4 -1 1 0 5 -1 2 11 1
4 -1 1 1 3 0 5 42 -1
4 -1 1 1 5 0 5 66 1
4 -1 2 -2 4 -3 135 1694 -1
4 -1 2 -2 6 -3 315 3146 1
4 -1 2 -1 2 -2 5 196 -1
4 -1 2 -1 4 -2 1215 23716 1
4 -1 2 -1 6 -2 280 1573 1
4 -1 2 0 2 -1 15 98 1
4 -1 2 0 4 -1 1445 23716 1
4 -1 2 0 6 -1 525 3146 1
4 -1 2 1 2 0 15 98 -1
4 -1 2 1 4 0 75 11858 -1
4 -1 2 1 6 0 150 1573 1
4 -1 2 2 2 1 5 196 1
4 -1 2 2 4 1 750 5929 -1
4 -1 2 2 6 1 175 6292 1
4 -1 3 -3 5 -4 405 3718 -1
4 -1 3 -2 3 -3 15 242 -1
4 -1 3 -2 5 -3 15 3718 1
4 -1 3 -1 3 -2 8 121 1
4 -1 3 -1 5 -2 128 1859 1
4 -1 3 0 1 -1 5 42 1
4 -1 3 0 3 -1 15 484 1
4 -1 3 0 5 -1 1083 26026 1
4 -1 3 1 1 0 5 28 -1
4 -1 3 1 3 0 15 484 -1
4 -1 3 1 5 0 15 52052 -1
4 -1 3 2 1 1 1 28 1
4 -1 3 2 3 1 8 121 -1
4 -1 3 2 5 1 3125 52052 -1
4 -1 3 3 3 2 15 242 1
4 -1 3 3 5 2 375 3718 -1
4 -1 4 -4 6 -5 18 143 -1
4 -1 4 -3 4 -4 3645 40898 -1
4 -1 4 -3 6 -4 9 3146 -1
4 -1 4 -2 4 -3 3645 286286 1
4 -1 4 -2 6 -3 105 3146 1
4 -1 4 -1 2 -2 750 5929 1
4 -1 4 -1 4 -2 65610 1002001 1
4 -1 4 -1 6 -2 105 1573 1
4 -1 4 0 2 -1 75 11858 1
4 -1 4 0 4 -1 59049 4008004 1
4 -1 4 0 6 -1 105 3146 1
4 -1 4 1 0 0 1 4 -1
4 -1 4 1 2 0 1445 23716 -1
4 -1 4 1 4 0 59049 4008004 -1
4 -1 4 1 6 0 1 6292 1
4 -1 4 2 2 1 1215 23716 -1
4 -1 4 2 4 1 65610 1002001 -1
4 -1 4 2 6 1 189 6292 -1
4 -1 4 3 2 2 135 1694 1
4 -1 4 3 4 2 3645 286286 -1
4 -1 4 3 6 2 135 1573 -1
4 -1 4 4 4 3 3645 40898 1
4 -1 4 4 6 3 120 1573 -1
4 -1 5 -4 5 -5 18 169 -1
4 -1 5 -2 3 -3 375 3718 1
4 -1 5 -2 5 -3 15 338 1
4 -1 5 -1 3 -2 3125 52052 1
4 -1 5 -1 5 -2 35 676 1
4 -1 5 0 1 -1 5 66 -1
4 -1 5 0 3 -1 15 52052 1
4 -1 5 0 5 -1 3 338 1
4 -1 5 1 1 0 2 11 -1
4 -1 5 1 3 0 1083 26026 -1
4 -1 5 1 5 0 3 338 -1
4 -1 5 2 1 1 7 44 -1
4 -1 5 2 3 1 128 1859 -1
4 -1 5 2 5 1 35 676 -1
4 -1 5 3 3 2 15 3718 -1
4 -1 5 3 5 2 15 338 -1
4 -1 5 4 3 3 405 3718 1
4 -1 5 5 5 4 18 169 1
4 -1 6 -5 6 -6 135 1156 -1
4 -1 6 -4 6 -5 45 6358 -1
4 -1 6 -3 4 -4 120 1573 1
4 -1 6 -3 6 -4 1323 69938 1
4 -1 6 -2 4 -3 135 1573 1
4 -1 6 -2 6 -3 7605 139876 1
4 -1 6 -1 2 -2 175 6292 -1
4 -1 6 -1 4 -2 189 6292 1
4 -1 6 -1 6 -2 2809 69938 1
4 -1 6 0 2 -1 150 1573 -1
4 -1 6 0 4 -1 1 6292 -1
4 -1 6 0 6 -1 210 34969 1
4 -1 6 1 2 0 525 3146 -1
4 -1 6 1 4 0 105 3146 -1
4 -1 6 1 6 0 210 34969 -1
4 -1 6 2 2 1 280 1573 -1
4 -1 6 2 4 1 105 1573 -1
4 -1 6 2 6 1 2809 69938 -1
4 -1 6 3 2 2 315 3146 -1
4 -1 6 3 4 2 105 3146 -1
4 -1 6 3 6 2 7605 139876 -1
4 -1 6 4 4 3 9 3146 1
4 -1 6 4 6 3 1323 69938 -1
4 -1 6 5 4 4 18 143 1
4 -1 6 5 6 4 45 6358 1
4 -1 6 6 6 5 135 1156 1
4 0 0 0 4 0 1 4 1
4 0 1 -1 3 -1 1 14 -1
4 0 1 -1 5 -1 5 44 1
4 0 1 0 3 0 4 21 1
4 0 1 0 5 0 25 132 1
4 0 1 1 3 1 1 14 -1
4 0 1 1 5 1 5 44 1
4 0 2 -2 2 -2 1 196 1
4 0 2 -2 4 -2 675 5929 -1
4 0 2 -2 6 -2 175 3146 1
4 0 2 -1 2 -1 4 49 -1
4 0 2 -1 4 -1 75 11858 1
4 0 2 -1 6 -1 875 6292 1
4 0 2 0 2 0 9 49 1
4 0 2 0 4 0 500 5929 1
4 0 2 0 6 0 1125 6292 1
4 0 2 1 2 1 4 49 -1
4 0 2 1 4 1 75 11858 1
4 0 2 1 6 1 875 6292 1
4 0 2 2 2 2 1 196 1
4 0 2 2 4 2 675 5929 -1
4 0 2 2 6 2 175 3146 1
4 0 3 -3 3 -3 9 484 1
4 0 3 -3 5 -3 225 1859 -1
4 0 3 -2 3 -2 49 484 -1
4 0 3 -2 5 -2 25 1859 -1
4 0 3 -1 1 -1 1 14 -1
4 0 3 -1 3 -1 1 484 1
4 0 3 -1 5 -1 55 2366 1
4 0 3 0 1 0 4 21 1
4 0 3 0 3 0 9 121 1
4 0 3 0 5 0 900 13013 1
4 0 3 1 1 1 1 14 -1
4 0 3 1 3 1 1 484 1
4 0 3 1 5 1 55 2366 1
4 0 3 2 3 2 49 484 -1
4 0 3 2 5 2 25 1859 -1
4 0 3 3 3 3 9 484 1
4 0 3 3 5 3 225 1859 -1
4 0 4 -4 4 -4 729 20449 1
4 0 4 -4 6 -4 180 1573 -1
4 0 4 -3 4 -3 6561 81796 -1
4 0 4 -3 6 -3 75 1573 -1
4 0 4 -2 2 -2 675 5929 -1
4 0 4 -2 4 -2 729 33124 -1
4 0 4 -1 2 -1 75 11858 1
4 0 4 -1 4 -1 59049 4008004 1
4 0 4 -1 6 -1 105 3146 1
4 0 4 0 0 0 1 4 1
4 0 4 0 2 0 500 5929 1
4 0 4 0 4 0 59049 1002001 1
4 0 4 0 6 0 100 1573 1
4 0 4 1 2 1 75 11858 1
4 0 4 1 4 1 59049 4008004 1
4 0 4 1 6 1 105 3146 1
4 0 4 2 2 2 675 5929 -1
4 0 4 2 4 2 729 33124 -1
4 0 4 3 4 3 6561 81796 -1
4 0 4 3 6 3 75 1573 -1
4 0 4 4 4 4 729 20449 1
4 0 4 4 6 4 180 1573 -1
4 0 5 -5 5 -5 9 169 1
4 0 5 -4 5 -4 9 169 -1
4 0 5 -3 3 -3 225 1859 -1
4 0 5 -3 5 -3 9 169 -1
4 0 5 -2 3 -2 25 1859 -1
4 0 5 -2 5 -2 1 676 -1
4 0 5 -1 1 -1 5 44 1
4 0 5 -1 3 -1 55 2366 1
4 0 5 -1 5 -1 4 169 1
4 0 5 0 1 0 25 132 1
4 0 5 0 3 0 900 13013 1
4 0 5 0 5 0 9 169 1
4 0 5 1 1 1 5 44 1
4 0 5 1 3 1 55 2366 1
4 0 5 1 5 1 4 169 1
4 0 5 2 3 2 25 1859 -1
4 0 5 2 5 2 1 676 -1
4 0 5 3 3 3 225 1859 -1
4 0 5 3 5 3 9 169 -1
4 0 5 4 5 4 9 169 -1
4 0 5 5 5 5 9 169 1
4 0 6 -6 6 -6 81 1156 1
4 0 6 -5 6 -5 9 289 -1
4 0 6 -4 4 -4 180 1573 -1
4 0 6 -4 6 -4 2304 34969 -1
4 0 6 -3 4 -3 75 1573 -1
4 0 6 -3 6 -3 729 34969 -1
4 0 6 -2 2 -2 175 3146 1
4 0 6 -2 6 -2 1 1156 1
4 0 6 -1 2 -1 875 6292 1
4 0 6 -1 4 -1 105 3146 1
4 0 6 -1 6 -1 1024 34969 1
4 0 6 0 2 0 1125 6292 1
4 0 6 0 4 0 100 1573 1
4 0 6 0 6 0 1764 34969 1
4 0 6 1 2 1 875 6292 1
4 0 6 1 4 1 105 3146 1
4 0 6 1 6 1 1024 34969 1
4 0 6 2 2 2 175 3146 1
4 0 6 2 6 2 1 1156 1
4 0 6 3 4 3 75 1573 -1
4 0 6 3 6 3 729 34969 -1
4 0 6 4 4 4 180 1573 -1
4 0 6 4 6 4 2304 34969 -1
4 0 6 5 6 5 9 289 -1
4 0 6 6 6 6 81 1156 1
4 1 0 0 4 1 1 4 1
4 1 1 -1 3 0 5 42 -1
4 1 1 -1 5 0 5 66 1
4 1 1 0 3 1 5 28 1
4 1 1 0 5 1 2 11 1
4 1 1 1 3 2 1 28 -1
4 1 1 1 5 2 7 44 1
4 1 2 -2 2 -1 5 196 1
4 1 2 -2 4 -1 750 5929 -1
4 1 2 -2 6 -1 175 6292 1
4 1 2 -1 2 0 15 98 -1
4 1 2 -1 4 0 75 11858 -1
4 1 2 -1 6 0 150 1573 1
4 1 2 0 2 1 15 98 1
4 1 2 0 4 1 1445 23716 1
4 1 2 0 6 1 525 3146 1
4 1 2 1 2 2 5 196 -1
4 1 2 1 4 2 1215 23716 1
4 1 2 1 6 2 280 1573 1
4 1 2 2 4 3 135 1694 -1
4 1 2 2 6 3 315 3146 1
4 1 3 -3 3 -2 15 242 1
4 1 3 -3 5 -2 375 3718 -1
4 1 3 -2 1 -1 1 28 1
4 1 3 -2 3 -1 8 121 -1
4 1 3 -2 5 -1 3125 52052 -1
4 1 3 -1 1 0 5 28 -1
4 1 3 -1 3 0 15 484 -1
4 1 3 -1 5 0 15 52052 -1
4 1 3 0 1 1 5 42 1
4 1 3 0 3 1 15 484 1
4 1 3 0 5 1 1083 26026 1
4 1 3 1 3 2 8 121 1
4 1 3 1 5 2 128 1859 1
4 1 3 2 3 3 15 242 -1
4 1 3 2 5 3 15 3718 1
4 1 3 3 5 4 405 3718 -1
4 1 4 -4 4 -3 3645 40898 1
4 1 4 -4 6 -3 120 1573 -1
4 1 4 -3 2 -2 135 1694 1
4 1 4 -3 4 -2 3645 286286 -1
4 1 4 -3 6 -2 135 1573 -1
4 1 4 -2 2 -1 1215 23716 -1
4 1 4 -2 4 -1 65610 1002001 -1
4 1 4 -2 6 -1 189 6292 -1
4 1 4 -1 0 0 1 4 -1
4 1 4 -1 2 0 1445 23716 -1
4 1 4 -1 4 0 59049 4008004 -1
4 1 4 -1 6 0 1 6292 1
4 1 4 0 2 1 75 11858 1
4 1 4 0 4 1 59049 4008004 1
4 1 4 0 6 1 105 3146 1
4 1 4 1 2 2 750 5929 1
4 1 4 1 4 2 65610 1002001 1
4 1 4 1 6 2 105 1573 1
4 1 4 2 4 3 3645 286286 1
4 1 4 2 6 3 105 3146 1
4 1 4 3 4 4 3645 40898 -1
4 1 4 3 6 4 9 3146 -1
4 1 4 4 6 5 18 143 -1
4 1 5 -5 5 -4 18 169 1
4 1 5 -4 3 -3 405 3718 1
4 1 5 -3 3 -2 15 3718 -1
4 1 5 -3 5 -2 15 338 -1
4 1 5 -2 1 -1 7 44 -1
4 1 5 -2 3 -1 128 1859 -1
4 1 5 -2 5 -1 35 676 -1
4 1 5 -1 1 0 2 11 -1
4 1 5 -1 3 0 1083 26026 -1
4 1 5 -1 5 0 3 338 -1
4 1 5 0 1 1 5 66 -1
4 1 5 0 3 1 15 52052 1
4 1 5 0 5 1 3 338 1
4 1 5 1 3 2 3125 52052 1
4 1 5 1 5 2 35 676 1
4 1 5 2 3 3 375 3718 1
4 1 5 2 5 3 15 338 1
4 1 5 4 5 5 18 169 -1
4 1 6 -6 6 -5 135 1156 1
4 1 6 -5 4 -4 18 143 1
4 1 6 -5 6 -4 45 6358 1
4 1 6 -4 4 -3 9 3146 1
4 1 6 -4 6 -3 1323 69938 -1
4 1 6 -3 2 -2 315 3146 -1
4 1 6 -3 4 -2 105 3146 -1
4 1 6 -3 6 -2 7605 139876 -1
4 1 6 -2 2 -1 280 1573 -1
4 1 6 -2 4 -1 105 1573 -1
4 1 6 -2 6 -1 2809 69938 -1
4 1 6 -1 2 0 525 3146 -1
4 1 6 -1 4 0 105 3146 -1
4 1 6 -1 6 0 210 34969 -1
4 1 6 0 2 1 150 1573 -1
4 1 6 0 4 1 1 6292 -1
4 1 6 0 6 1 210 34969 1
4 1 6 1 2 2 175 6292 -1
4 1 6 1 4 2 189 6292 1
4 1 6 1 6 2 2809 69938 1
4 1 6 2 4 3 135 1573 1
4 1 6 2 6 3 7605 139876 1
4 1 6 3 4 4 120 1573 1
4 1 6 3 6 4 1323 69938 1
4 1 6 4 6 5 45 6358 -1
4 1 6 5 6 6 135 1156 -1
4 2 0 0 4 2 1 4 1
4 2 1 -1 3 1 5 28 -1
4 2 1 -1 5 1 1 22 1
4 2 1 0 3 2 1 7 1
4 2 1 0 5 2 7 44 1
4 2 1 1 3 3 1 84 -1
4 2 1 1 5 3 7 33 1
4 2 2 -2 2 0 15 196 1
4 2 2 -2 4 0 675 5929 -1
4 2 2 -2 6 0 75 6292 1
4 2 2 -1 2 1 10 49 -1
4 2 2 -1 4 1 1215 23716 -1
4 2 2 -1 6 1 175 3146 1
4 2 2 0 2 2 15 196 1
4 2 2 0 4 2 80 5929 1
4 2 2 0 6 2 210 1573 1
4 2 2 1 4 3 375 3388 1
4 2 2 1 6 3 315 1573 1
4 2 2 2 4 4 30 847 -1
4 2 2 2 6 4 525 3146 1
4 2 3 -3 1 -1 1 84 -1
4 2 3 -3 3 -1 27 242 1
4 2 3 -3 5 -1 3375 52052 -1
4 2 3 -2 1 0 1 7 1
4 2 3 -2 3 0 3 484 -1
4 2 3 -2 5 0 1200 13013 -1
4 2 3 -1 1 1 5 28 -1
4 2 3 -1 3 1 10 121 -1
4 2 3 -1 5 1 1849 52052 -1
4 2 3 0 3 2 3 484 -1
4 2 3 0 5 2 3 1859 1
4 2 3 1 3 3 27 242 1
4 2 3 1 5 3 243 3718 1
4 2 3 2 5 4 120 1859 1
4 2 3 3 5 5 225 3718 -1
4 2 4 -4 2 -2 30 847 -1
4 2 4 -4 4 -2 32805 286286 1
4 2 4 -4 6 -2 60 1573 -1
4 2 4 -3 2 -1 375 3388 1
4 2 4 -3 4 -1 3645 286286 1
4 2 4 -3 6 -1 39 484 -1
4 2 4 -2 0 0 1 4 1
4 2 4 -2 2 0 80 5929 1
4 2 4 -2 4 0 729 33124 -1
4 2 4 -2 6 0 1 13 -1
4 2 4 -1 2 1 1215 23716 -1
4 2 4 -1 4 1 65610 1002001 -1
4 2 4 -1 6 1 189 6292 -1
4 2 4 0 2 2 675 5929 -1
4 2 4 0 4 2 729 33124 -1
4 2 4 1 4 3 3645 286286 1
4 2 4 1 6 3 105 3146 1
4 2 4 2 4 4 32805 286286 1
4 2 4 2 6 4 126 1573 1
4 2 4 3 6 5 9 286 1
4 2 4 4 6 6 12 143 -1
4 2 5 -5 3 -3 225 3718 -1
4 2 5 -5 5 -3 18 169 1
4 2 5 -4 3 -2 120 1859 1
4 2 5 -4 5 -2 15 338 1
4 2 5 -3 1 -1 7 33 1
4 2 5 -3 3 -1 243 3718 1
4 2 5 -2 1 0 7 44 1
4 2 5 -2 3 0 3 1859 1
4 2 5 -2 5 0 21 676 -1
4 2 5 -1 1 1 1 22 1
4 2 5 -1 3 1 1849 52052 -1
4 2 5 -1 5 1 10 169 -1
4 2 5 0 3 2 1200 13013 -1
4 2 5 0 5 2 21 676 -1
4 2 5 1 3 3 3375 52052 -1
4 2 5 2 5 4 15 338 1
4 2 5 3 5 5 18 169 1
4 2 6 -6 4 -4 12 143 -1
4 2 6 -6 6 -4 1215 12716 1
4 2 6 -5 4 -3 9 286 1
4 2 6 -5 6 -3 216 3179 1
4 2 6 -4 2 -2 525 3146 1
4 2 6 -4 4 -2 126 1573 1
4 2 6 -4 6 -2 1587 139876 1
4 2 6 -3 2 -1 315 1573 1
4 2 6 -3 4 -1 105 3146 1
4 2 6 -3 6 -1 144 34969 -1
4 2 6 -2 2 0 210 1573 1
4 2 6 -2 6 0 21 578 -1
4 2 6 -1 2 1 175 3146 1
4 2 6 -1 4 1 189 6292 -1
4 2 6 -1 6 1 1960 34969 -1
4 2 6 0 2 2 75 6292 1
4 2 6 0 4 2 1 13 -1
4 2 6 0 6 2 21 578 -1
4 2 6 1 4 3 39 484 -1
4 2 6 1 6 3 144 34969 -1
4 2 6 2 4 4 60 1573 -1
4 2 6 2 6 4 1587 139876 1
4 2 6 3 6 5 216 3179 1
4 2 6 4 6 6 1215 12716 1
4 3 0 0 4 3 1 4 1
4 3 1 -1 3 2 1 4 -1
4 3 1 -1 5 2 1 44 1
4 3 1 0 3 3 1 12 1
4 3 1 0 5 3 4 33 1
4 3 1 1 5 4 3 11 1
4 3 2 -2 2 1 5 28 1
4 3 2 -2 4 1 135 1694 -1
4 3 2 -2 6 1 25 6292 1
4 3 2 -1 2 2 5 28 -1
4 3 2 -1 4 2 375 3388 -1
4 3 2 -1 6 2 40 1573 1
4 3 2 0 4 3 5 484 -1
4 3 2 0 6 3 135 1573 1
4 3 2 1 4 4 15 121 1
4 3 2 1 6 4 300 1573 1
4 3 2 2 6 5 75 286 1
4 3 3 -3 1 0 1 12 -1
4 3 3 -3 3 0 63 484 1
4 3 3 -3 5 0 225 7436 -1
4 3 3 -2 1 1 1 4 1
4 3 3 -2 3 1 7 242 1
4 3 3 -2 5 1 55 676 -1
4 3 3 -1 3 2 7 242 -1
4 3 3 -1 5 2 343 3718 -1
4 3 3 0 3 3 63 484 -1
4 3 3 0 5 3 63 1859 -1
4 3 3 1 5 4 21 3718 1
4 3 3 2 5 5 525 3718 1
4 3 4 -4 2 -1 15 121 -1
4 3 4 -4 4 -1 3645 40898 1
4 3 4 -4 6 -1 21 1573 -1
4 3 4 -3 0 0 1 4 -1
4 3 4 -3 2 0 5 484 1
4 3 4 -3 4 0 6561 81796 1
4 3 4 -3 6 0 289 6292 -1
4 3 4 -2 2 1 375 3388 1
4 3 4 -2 4 1 3645 286286 1
4 3 4 -2 6 1 39 484 -1
4 3 4 -1 2 2 135 1694 1
4 3 4 -1 4 2 3645 286286 -1
4 3 4 -1 6 2 135 1573 -1
4 3 4 0 4 3 6561 81796 -1
4 3 4 0 6 3 75 1573 -1
4 3 4 1 4 4 3645 40898 -1
4 3 4 1 6 4 9 3146 -1
4 3 4 2 6 5 9 286 1
4 3 4 3 6 6 21 143 1
4 3 5 -5 3 -2 525 3718 -1
4 3 5 -5 5 -2 21 338 1
4 3 5 -4 1 -1 3 11 -1
4 3 5 -4 3 -1 21 3718 -1
4 3 5 -4 5 -1 15 169 1
4 3 5 -3 1 0 4 33 -1
4 3 5 -3 3 0 63 1859 1
4 3 5 -3 5 0 9 169 1
4 3 5 -2 1 1 1 44 -1
4 3 5 -2 3 1 343 3718 1
4 3 5 -2 5 1 5 676 1
4 3 5 -1 3 2 55 676 1
4 3 5 -1 5 2 5 676 -1
4 3 5 0 3 3 225 7436 1
4 3 5 0 5 3 9 169 -1
4 3 5 1 5 4 15 169 -1
4 3 5 2 5 5 21 338 -1
4 3 6 -6 4 -3 21 143 -1
4 3 6 -6 6 -3 567 12716 1
4 3 6 -5 2 -2 75 286 -1
4 3 6 -5 4 -2 9 286 -1
4 3 6 -5 6 -2 1029 12716 1
4 3 6 -4 2 -1 300 1573 -1
4 3 6 -4 4 -1 9 3146 1
4 3 6 -4 6 -1 2625 34969 1
4 3 6 -3 2 0 135 1573 -1
4 3 6 -3 4 0 75 1573 1
4 3 6 -3 6 0 1323 34969 1
4 3 6 -2 2 1 40 1573 -1
4 3 6 -2 4 1 135 1573 1
4 3 6 -2 6 1 343 69938 1
4 3 6 -1 2 2 25 6292 -1
4 3 6 -1 4 2 39 484 1
4 3 6 -1 6 2 343 69938 -1
4 3 6 0 4 3 289 6292 1
4 3 6 0 6 3 1323 34969 -1
4 3 6 1 4 4 21 1573 1
4 3 6 1 6 4 2625 34969 -1
4 3 6 2 6 5 1029 12716 -1
4 3 6 3 6 6 567 12716 -1
4 4 0 0 4 4 1 4 1
4 4 1 -1 3 3 1 3 -1
4 4 1 -1 5 3 1 132 1
4 4 1 0 5 4 3 44 1
4 4 1 1 5 5 15 44 1
4 4 2 -2 2 2 5 14 1
4 4 2 -2 4 2 30 847 -1
4 4 2 -2 6 2 5 6292 1
4 4 2 -1 4 3 15 121 -1
4 4 2 -1 6 3 45 6292 1
4 4 2 0 4 4 20 121 -1
4 4 2 0 6 4 225 6292 1
4 4 2 1 6 5 75 572 1
4 4 2 2 6 6 225 572 1
4 4 3 -3 1 1 1 3 -1
4 4 3 -3 3 1 21 242 1
4 4 3 -3 5 1 15 1859 -1
4 4 3 -2 3 2 35 242 1
4 4 3 -2 5 2 70 1859 -1
4 4 3 -1 3 3 21 242 1
4 4 3 -1 5 3 168 1859 -1
4 4 3 0 5 4 252 1859 -1
4 4 3 1 5 5 210 1859 -1
4 4 4 -4 0 0 1 4 1
4 4 4 -4 2 0 20 121 -1
4 4 4 -4 4 0 729 20449 1
4 4 4 -4 6 0 4 1573 -1
4 4 4 -3 2 1 15 121 -1
4 4 4 -3 4 1 3645 40898 1
4 4 4 -3 6 1 21 1573 -1
4 4 4 -2 2 2 30 847 -1
4 4 4 -2 4 2 32805 286286 1
4 4 4 -2 6 2 60 1573 -1
4 4 4 -1 4 3 3645 40898 1
4 4 4 -1 6 3 120 1573 -1
4 4 4 0 4 4 729 20449 1
4 4 4 0 6 4 180 1573 -1
4 4 4 1 6 5 18 143 -1
4 4 4 2 6 6 12 143 -1
4 4 5 -5 1 -1 15 44 1
4 4 5 -5 3 -1 210 1859 -1
4 4 5 -5 5 -1 3 169 1
4 4 5 -4 1 0 3 44 1
4 4 5 -4 3 0 252 1859 -1
4 4 5 -4 5 0 9 169 1
4 4 5 -3 1 1 1 132 1
4 4 5 -3 3 1 168 1859 -1
4 4 5 -3 5 1 15 169 1
4 4 5 -2 3 2 70 1859 -1
4 4 5 -2 5 2 35 338 1
4 4 5 -1 3 3 15 1859 -1
4 4 5 -1 5 3 15 169 1
4 4 5 0 5 4 9 169 1
4 4 5 1 5 5 3 169 1
4 4 6 -6 2 -2 225 572 1
4 4 6 -6 4 -2 12 143 -1
4 4 6 -6 6 -2 63 6358 1
4 4 6 -5 2 -1 75 572 1
4 4 6 -5 4 -1 18 143 -1
4 4 6 -5 6 -1 105 3179 1
4 4 6 -4 2 0 225 6292 1
4 4 6 -4 4 0 180 1573 -1
4 4 6 -4 6 0 2205 34969 1
4 4 6 -3 2 1 45 6292 1
4 4 6 -3 4 1 120 1573 -1
4 4 6 -3 6 1 3087 34969 1
4 4 6 -2 2 2 5 6292 1
4 4 6 -2 4 2 60 1573 -1
4 4 6 -2 6 2 3430 34969 1
4 4 6 -1 4 3 21 1573 -1
4 4 6 -1 6 3 3087 34969 1
4 4 6 0 4 4 4 1573 -1
4 4 6 0 6 4 2205 34969 1
4 4 6 1 6 5 105 3179 1
4 4 6 2 6 6 63 6358 1
5 -5 0 0 5 -5 1 4 1
5 -5 1 -1 6 -6 9 26 1
5 -5 1 0 6 -5 3 52 1
5 -5 1 1 4 -4 15 44 -1
5 -5 1 1 6 -4 3 572 1
5 -5 2 0 5 -5 125 676 -1
5 -5 2 1 5 -4 75 676 -1
5 -5 2 2 3 -3 25 66 1
5 -5 2 2 5 -3 25 1014 -1
5 -5 3 -1 6 -6 7 52 -1
5 -5 3 0 6 -5 7 52 -1
5 -5 3 1 4 -4 210 1859 1
5 -5 3 1 6 -4 21 286 -1
5 -5 3 2 4 -3 525 3718 1
5 -5 3 2 6 -3 7 286 -1
5 -5 3 3 2 -2 25 66 -1
5 -5 3 3 4 -2 225 3718 1
5 -5 3 3 6 -2 7 1716 -1
5 -5 4 0 5 -5 9 169 1
5 -5 4 1 5 -4 18 169 1
5 -5 4 2 3 -3 225 3718 -1
5 -5 4 2 5 -3 18 169 1
5 -5 4 3 3 -2 525 3718 -1
5 -5 4 3 5 -2 21 338 1
5 -5 4 4 1 -1 15 44 1
5 -5 4 4 3 -1 210 1859 -1
5 -5 4 4 5 -1 3 169 1
5 -5 5 -1 6 -6 110 3757 1
5 -5 5 0 6 -5 275 3757 1
5 -5 5 1 4 -4 3 169 -1
5 -5 5 1 6 -4 375 3757 1
5 -5 5 2 4 -3 21 338 -1
5 -5 5 2 6 -3 350 3757 1
5 -5 5 3 2 -2 25 1014 1
5 -5 5 3 4 -2 18 169 -1
5 -5 5 3 6 -2 700 11271 1
5 -5 5 4 2 -1 75 676 1
5 -5 5 4 4 -1 18 169 -1
5 -5 5 4 6 -1 105 3757 1
5 -5 5 5 0 0 1 4 -1
5 -5 5 5 2 0 125 676 1
5 -5 5 5 4 0 9 169 -1
5 -5 5 5 6 0 25 3757 1
5 -5 6 0 5 -5 25 3757 -1
5 -5 6 1 5 -4 105 3757 -1
5 -5 6 2 3 -3 7 1716 1
5 -5 6 2 5 -3 700 11271 -1
5 -5 6 3 3 -2 7 286 1
5 -5 6 3 5 -2 350 3757 -1
5 -5 6 4 1 -1 3 572 -1
5 -5 6 4 3 -1 21 286 1
5 -5 6 4 5 -1 375 3757 -1
5 -5 6 5 1 0 3 52 -1
5 -5 6 5 3 0 7 52 1
5 -5 6 5 5 0 275 3757 -1
5 -5 6 6 1 1 9 26 -1
5 -5 6 6 3 1 7 52 1
5 -5 6 6 5 1 110 3757 -1
5 -4 0 0 5 -4 1 4 1
5 -4 1 -1 6 -5 15 52 1
5 -4 1 0 4 -4 3 44 1
5 -4 1 0 6 -4 15 143 1
5 -4 1 1 4 -3 3 11 -1
5 -4 1 1 6 -3 9 572 1
5 -4 2 -1 5 -5 75 676 1
5 -4 2 0 5 -4 5 169 -1
5 -4 2 1 3 -3 5 33 -1
5 -4 2 1 5 -3 245 2028 -1
5 -4 2 2 3 -2 5 22 1
5 -4 2 2 5 -2 10 169 -1
5 -4 3 -2 6 -6 7 52 1
5 -4 3 0 4 -4 252 1859 -1
5 -4 3 0 6 -4 35 572 -1
5 -4 3 1 4 -3 21 3718 -1
5 -4 3 1 6 -3 14 143 -1
5 -4 3 2 2 -2 5 22 1
5 -4 3 2 4 -2 120 1859 1
5 -4 3 2 6 -2 35 572 -1
5 -4 3 3 2 -1 5 33 -1
5 -4 3 3 4 -1 405 3718 1
5 -4 3 3 6 -1 7 429 -1
5 -4 4 -1 5 -5 18 169 -1
5 -4 4 0 5 -4 9 169 -1
5 -4 4 1 3 -3 405 3718 1
5 -4 4 2 3 -2 120 1859 1
5 -4 4 2 5 -2 15 338 1
5 -4 4 3 1 -1 3 11 -1
5 -4 4 3 3 -1 21 3718 -1
5 -4 4 3 5 -1 15 169 1
5 -4 4 4 1 0 3 44 1
5 -4 4 4 3 0 252 1859 -1
5 -4 4 4 5 0 9 169 1
5 -4 5 -2 6 -6 308 3757 -1
5 -4 5 -1 6 -5 297 3757 -1
5 -4 5 0 4 -4 9 169 1
5 -4 5 0 6 -4 80 3757 -1
5 -4 5 1 4 -3 15 169 1
5 -4 5 1 6 -3 5 3757 1
5 -4 5 2 2 -2 10 169 -1
5 -4 5 2 4 -2 15 338 1
5 -4 5 2 6 -2 140 3757 1
5 -4 5 3 2 -1 245 2028 -1
5 -4 5 3 6 -1 847 11271 1
5 -4 5 4 0 0 1 4 1
5 -4 5 4 2 0 5 169 -1
5 -4 5 4 4 0 9 169 -1
5 -4 5 4 6 0 256 3757 1
5 -4 5 5 2 1 75 676 1
5 -4 5 5 4 1 18 169 -1
5 -4 5 5 6 1 105 3757 1
5 -4 6 -1 5 -5 105 3757 1
5 -4 6 0 5 -4 256 3757 1
5 -4 6 1 3 -3 7 429 -1
5 -4 6 1 5 -3 847 11271 1
5 -4 6 2 3 -2 35 572 -1
5 -4 6 2 5 -2 140 3757 1
5 -4 6 3 1 -1 9 572 1
5 -4 6 3 3 -1 14 143 -1
5 -4 6 3 5 -1 5 3757 1
5 -4 6 4 1 0 15 143 1
5 -4 6 4 3 0 35 572 -1
5 -4 6 4 5 0 80 3757 -1
5 -4 6 5 1 1 15 52 1
5 -4 6 5 5 1 297 3757 -1
5 -4 6 6 3 2 7 52 1
5 -4 6 6 5 2 308 3757 -1
5 -3 0 0 5 -3 1 4 1
5 -3 1 -1 4 -4 1 132 -1
5 -3 1 -1 6 -4 135 572 1
5 -3 1 0 4 -3 4 33 1
5 -3 1 0 6 -3 81 572 1
5 -3 1 1 4 -2 7 33 -1
5 -3 1 1 6 -2 9 286 1
5 -3 2 -2 5 -5 25 1014 -1
5 -3 2 -1 5 -4 245 2028 1
5 -3 2 0 3 -3 5 99 1
5 -3 2 0 5 -3 5 6084 1
5 -3 2 1 3 -2 20 99 -1
5 -3 2 1 5 -2 125 1521 -1
5 -3 2 2 3 -1 25 198 1
5 -3 2 2 5 -1 140 1521 -1
5 -3 3 -3 6 -6 7 156 -1
5 -3 3 -2 6 -5 7 78 1
5 -3 3 -1 4 -4 168 1859 1
5 -3 3 -1 6 -4 35 858 1
5 -3 3 0 4 -3 63 1859 -1
5 -3 3 0 6 -3 7 1716 -1
5 -3 3 1 2 -2 25 198 -1
5 -3 3 1 4 -2 243 3718 -1
5 -3 3 1 6 -2 343 5148 -1
5 -3 3 2 2 -1 20 99 1
5 -3 3 2 4 -1 15 3718 1
5 -3 3 2 6 -1 112 1287 -1
5 -3 3 3 2 0 5 99 -1
5 -3 3 3 4 0 225 1859 1
5 -3 3 3 6 0 49 1287 -1
5 -3 4 -2 5 -5 18 169 1
5 -3 4 0 3 -3 225 1859 -1
5 -3 4 0 5 -3 9 169 -1
5 -3 4 1 3 -2 15 3718 -1
5 -3 4 1 5 -2 15 338 -1
5 -3 4 2 1 -1 7 33 1
5 -3 4 2 3 -1 243 3718 1
5 -3 4 3 1 0 4 33 -1
5 -3 4 3 3 0 63 1859 1
5 -3 4 3 5 0 9 169 1
5 -3 4 4 1 1 1 132 1
5 -3 4 4 3 1 168 1859 -1
5 -3 4 4 5 1 15 169 1
5 -3 5 -3 6 -6 1232 11271 1
5 -3 5 -2 6 -5 154 11271 1
5 -3 5 -1 4 -4 15 169 -1
5 -3 5 -1 6 -4 13 867 -1
5 -3 5 0 4 -3 9 169 -1
5 -3 5 0 6 -3 625 11271 -1
5 -3 5 1 2 -2 140 1521 1
5 -3 5 1 6 -2 1210 33813 -1
5 -3 5 2 2 -1 125 1521 1
5 -3 5 2 4 -1 15 338 1
5 -3 5 2 6 -1 28 33813 -1
5 -3 5 3 0 0 1 4 -1
5 -3 5 3 2 0 5 6084 -1
5 -3 5 3 4 0 9 169 1
5 -3 5 3 6 0 841 33813 1
5 -3 5 4 2 1 245 2028 -1
5 -3 5 4 6 1 847 11271 1
5 -3 5 5 2 2 25 1014 1
5 -3 5 5 4 2 18 169 -1
5 -3 5 5 6 2 700 11271 1
5 -3 6 -2 5 -5 700 11271 -1
5 -3 6 -1 5 -4 847 11271 -1
5 -3 6 0 3 -3 49 1287 1
5 -3 6 0 5 -3 841 33813 -1
5 -3 6 1 3 -2 112 1287 1
5 -3 6 1 5 -2 28 33813 1
5 -3 6 2 1 -1 9 286 -1
5 -3 6 2 3 -1 343 5148 1
5 -3 6 2 5 -1 1210 33813 1
5 -3 6 3 1 0 81 572 -1
5 -3 6 3 3 0 7 1716 1
5 -3 6 3 5 0 625 11271 1
5 -3 6 4 1 1 135 572 -1
5 -3 6 4 3 1 35 858 -1
5 -3 6 4 5 1 13 867 1
5 -3 6 5 3 2 7 78 -1
5 -3 6 5 5 2 154 11271 -1
5 -3 6 6 3 3 7 156 1
5 -3 6 6 5 3 1232 11271 -1
5 -2 0 0 5 -2 1 4 1
5 -2 1 -1 4 -3 1 44 -1
5 -2 1 -1 6 -3 27 143 1
5 -2 1 0 4 -2 7 44 1
5 -2 1 0 6 -2 24 143 1
5 -2 1 1 4 -1 7 44 -1
5 -2 1 1 6 -1 15 286 1
5 -2 2 -2 5 -4 10 169 -1
5 -2 2 -1 3 -3 5 396 -1
5 -2 2 -1 5 -3 125 1521 1
5 -2 2 0 3 -2 5 44 1
5 -2 2 0 5 -2 5 169 1
5 -2 2 1 3 -1 25 132 -1
5 -2 2 1 5 -1 35 1014 -1
5 -2 2 2 3 0 25 396 1
5 -2 2 2 5 0 175 1521 -1
5 -2 3 -3 6 -5 7 78 -1
5 -2 3 -2 4 -4 70 1859 -1
5 -2 3 -2 6 -4 7 286 1
5 -2 3 -1 4 -3 343 3718 1
5 -2 3 -1 6 -3 21 286 1
5 -2 3 0 2 -2 25 396 1
5 -2 3 0 4 -2 3 1859 1
5 -2 3 0 6 -2 14 1287 1
5 -2 3 1 2 -1 25 132 -1
5 -2 3 1 4 -1 128 1859 -1
5 -2 3 1 6 -1 35 1716 -1
5 -2 3 2 2 0 5 44 1
5 -2 3 2 4 0 25 1859 -1
5 -2 3 2 6 0 49 572 -1
5 -2 3 3 2 1 5 396 -1
5 -2 3 3 4 1 375 3718 1
5 -2 3 3 6 1 343 5148 -1
5 -2 4 -3 5 -5 21 338 -1
5 -2 4 -2 5 -4 15 338 1
5 -2 4 -1 3 -3 375 3718 1
5 -2 4 -1 5 -3 15 338 1
5 -2 4 0 3 -2 25 1859 -1
5 -2 4 0 5 -2 1 676 -1
5 -2 4 1 1 -1 7 44 -1
5 -2 4 1 3 -1 128 1859 -1
5 -2 4 1 5 -1 35 676 -1
5 -2 4 2 1 0 7 44 1
5 -2 4 2 3 0 3 1859 1
5 -2 4 2 5 0 21 676 -1
5 -2 4 3 1 1 1 44 -1
5 -2 4 3 3 1 343 3718 1
5 -2 4 3 5 1 5 676 1
5 -2 4 4 3 2 70 1859 -1
5 -2 4 4 5 2 35 338 1
5 -2 5 -4 6 -6 308 3757 -1
5 -2 5 -3 6 -5 154 11271 1
5 -2 5 -2 4 -4 35 338 1
5 -2 5 -2 6 -4 224 3757 1
5 -2 5 -1 4 -3 5 676 1
5 -2 5 -1 6 -3 60 3757 1
5 -2 5 0 2 -2 175 1521 -1
5 -2 5 0 4 -2 21 676 -1
5 -2 5 0 6 -2 200 33813 -1
5 -2 5 1 2 -1 35 1014 -1
5 -2 5 1 4 -1 35 676 -1
5 -2 5 1 6 -1 512 11271 -1
5 -2 5 2 0 0 1 4 1
5 -2 5 2 2 0 5 169 1
5 -2 5 2 4 0 1 676 -1
5 -2 5 2 6 0 144 3757 -1
5 -2 5 3 2 1 125 1521 1
5 -2 5 3 4 1 15 338 1
5 -2 5 3 6 1 28 33813 -1
5 -2 5 4 2 2 10 169 -1
5 -2 5 4 4 2 15 338 1
5 -2 5 4 6 2 140 3757 1
5 -2 5 5 4 3 21 338 -1
5 -2 5 5 6 3 350 3757 1
5 -2 6 -3 5 -5 350 3757 1
5 -2 6 -2 5 -4 140 3757 1
5 -2 6 -1 3 -3 343 5148 -1
5 -2 6 -1 5 -3 28 33813 -1
5 -2 6 0 3 -2 49 572 -1
5 -2 6 0 5 -2 144 3757 -1
5 -2 6 1 1 -1 15 286 1
5 -2 6 1 3 -1 35 1716 -1
5 -2 6 1 5 -1 512 11271 -1
5 -2 6 2 1 0 24 143 1
5 -2 6 2 3 0 14 1287 1
5 -2 6 2 5 0 200 33813 -1
5 -2 6 3 1 1 27 143 1
5 -2 6 3 3 1 21 286 1
5 -2 6 3 5 1 60 3757 1
5 -2 6 4 3 2 7 286 1
5 -2 6 4 5 2 224 3757 1
5 -2 6 5 3 3 7 78 -1
5 -2 6 5 5 3 154 11271 1
5 -2 6 6 5 4 308 3757 -1
5 -1 0 0 5 -1 1 4 1
5 -1 1 -1 4 -2 1 22 -1
5 -1 1 -1 6 -2 21 143 1
5 -1 1 0 4 -1 2 11 1
5 -1 1 0 6 -1 105 572 1
5 -1 1 1 4 0 5 44 -1
5 -1 1 1 6 0 45 572 1
5 -1 2 -2 3 -3 5 2772 1
5 -1 2 -2 5 -3 140 1521 -1
5 -1 2 -1 3 -2 10 231 -1
5 -1 2 -1 5 -2 35 1014 1
5 -1 2 0 3 -1 25 154 1
5 -1 2 0 5 -1 45 676 1
5 -1 2 1 3 0 100 693 -1
5 -1 2 1 5 0 25 6084 -1
5 -1 2 2 3 1 25 924 1
5 -1 2 2 5 1 125 1014 -1
5 -1 3 -3 4 -4 15 1859 1
5 -1 3 -3 6 -4 49 429 -1
5 -1 3 -2 4 -3 55 676 -1
5 -1 3 -1 2 -2 25 924 -1
5 -1 3 -1 4 -2 1849 52052 1
5 -1 3 -1 6 -2 49 858 1
5 -1 3 0 2 -1 100 693 1
5 -1 3 0 4 -1 1083 26026 1
5 -1 3 0 6 -1 245 5148 1
5 -1 3 1 2 0 25 154 -1
5 -1 3 1 4 0 55 2366 -1
5 -1 3 2 2 1 10 231 1
5 -1 3 2 4 1 3125 52052 -1
5 -1 3 2 6 1 49 858 -1
5 -1 3 3 2 2 5 2772 -1
5 -1 3 3 4 2 3375 52052 1
5 -1 3 3 6 2 245 2574 -1
5 -1 4 -4 5 -5 3 169 1
5 -1 4 -3 5 -4 15 169 -1
5 -1 4 -2 3 -3 3375 52052 -1
5 -1 4 -1 3 -2 3125 52052 1
5 -1 4 -1 5 -2 35 676 1
5 -1 4 0 1 -1 5 44 1
5 -1 4 0 3 -1 55 2366 1
5 -1 4 0 5 -1 4 169 1
5 -1 4 1 1 0 2 11 -1
5 -1 4 1 3 0 1083 26026 -1
5 -1 4 1 5 0 3 338 -1
5 -1 4 2 1 1 1 22 1
5 -1 4 2 3 1 1849 52052 -1
5 -1 4 2 5 1 10 169 -1
5 -1 4 3 3 2 55 676 1
5 -1 4 3 5 2 5 676 -1
5 -1 4 4 3 3 15 1859 -1
5 -1 4 4 5 3 15 169 1
5 -1 5 -5 6 -6 110 3757 1
5 -1 5 -4 6 -5 297 3757 -1
5 -1 5 -3 4 -4 15 169 -1
5 -1 5 -3 6 -4 13 867 -1
5 -1 5 -2 4 -3 5 676 1
5 -1 5 -2 6 -3 60 3757 1
5 -1 5 -1 2 -2 125 1014 1
5 -1 5 -1 4 -2 10 169 1
5 -1 5 -1 6 -2 560 11271 1
5 -1 5 0 2 -1 25 6084 1
5 -1 5 0 4 -1 3 338 1
5 -1 5 0 6 -1 560 33813 1
5 -1 5 1 0 0 1 4 -1
5 -1 5 1 2 0 45 676 -1
5 -1 5 1 4 0 4 169 -1
5 -1 5 1 6 0 16 3757 -1
5 -1 5 2 2 1 35 1014 -1
5 -1 5 2 4 1 35 676 -1
5 -1 5 2 6 1 512 11271 -1
5 -1 5 3 2 2 140 1521 1
5 -1 5 3 6 2 1210 33813 -1
5 -1 5 4 4 3 15 169 1
5 -1 5 4 6 3 5 3757 1
5 -1 5 5 4 4 3 169 -1
5 -1 5 5 6 4 375 3757 1
5 -1 6 -4 5 -5 375 3757 -1
5 -1 6 -3 5 -4 5 3757 -1
5 -1 6 -2 3 -3 245 2574 1
5 -1 6 -2 5 -3 1210 33813 1
5 -1 6 -1 3 -2 49 858 1
5 -1 6 -1 5 -2 512 11271 1
5 -1 6 0 1 -1 45 572 -1
5 -1 6 0 5 -1 16 3757 1
5 -1 6 1 1 0 105 572 -1
5 -1 6 1 3 0 245 5148 -1
5 -1 6 1 5 0 560 33813 -1
5 -1 6 2 1 1 21 143 -1
5 -1 6 2 3 1 49 858 -1
5 -1 6 2 5 1 560 11271 -1
5 -1 6 3 5 2 60 3757 -1
5 -1 6 4 3 3 49 429 1
5 -1 6 4 5 3 13 867 1
5 -1 6 5 5 4 297 3757 1
5 -1 6 6 5 5 110 3757 -1
5 0 0 0 5 0 1 4 1
5 0 1 -1 4 -1 5 66 -1
5 0 1 -1 6 -1 63 572 1
5 0 1 0 4 0 25 132 1
5 0 1 0 6 0 27 143 1
5 0 1 1 4 1 5 66 -1
5 0 1 1 6 1 63 572 1
5 0 2 -2 3 -2 25 2772 1
5 0 2 -2 5 -2 175 1521 -1
5 0 2 -1 3 -1 125 1386 -1
5 0 2 -1 5 -1 25 6084 1
5 0 2 0 3 0 125 693 1
5 0 2 0 5 0 125 1521 1
5 0 2 1 3 1 125 1386 -1
5 0 2 1 5 1 25 6084 1
5 0 2 2 3 2 25 2772 1
5 0 2 2 5 2 175 1521 -1
5 0 3 -3 4 -3 225 7436 1
5 0 3 -3 6 -3 49 429 -1
5 0 3 -2 2 -2 25 2772 1
5 0 3 -2 4 -2 1200 13013 -1
5 0 3 -2 6 -2 49 2574 -1
5 0 3 -1 2 -1 125 1386 -1
5 0 3 -1 4 -1 15 52052 1
5 0 3 -1 6 -1 49 2574 1
5 0 3 0 2 0 125 693 1
5 0 3 0 4 0 900 13013 1
5 0 3 0 6 0 343 5148 1
5 0 3 1 2 1 125 1386 -1
5 0 3 1 4 1 15 52052 1
5 0 3 1 6 1 49 2574 1
5 0 3 2 2 2 25 2772 1
5 0 3 2 4 2 1200 13013 -1
5 0 3 2 6 2 49 2574 -1
5 0 3 3 4 3 225 7436 1
5 0 3 3 6 3 49 429 -1
5 0 4 -4 5 -4 9 169 1
5 0 4 -3 3 -3 225 7436 1
5 0 4 -3 5 -3 9 169 -1
5 0 4 -2 3 -2 1200 13013 -1
5 0 4 -2 5 -2 21 676 -1
5 0 4 -1 1 -1 5 66 -1
5 0 4 -1 3 -1 15 52052 1
5 0 4 -1 5 -1 3 338 1
5 0 4 0 1 0 25 132 1
5 0 4 0 3 0 900 13013 1
5 0 4 0 5 0 9 169 1
5 0 4 1 1 1 5 66 -1
5 0 4 1 3 1 15 52052 1
5 0 4 1 5 1 3 338 1
5 0 4 2 3 2 1200 13013 -1
5 0 4 2 5 2 21 676 -1
5 0 4 3 3 3 225 7436 1
5 0 4 3 5 3 9 169 -1
5 0 4 4 5 4 9 169 1
5 0 5 -5 6 -5 275 3757 1
5 0 5 -4 4 -4 9 169 1
5 0 5 -4 6 -4 80 3757 -1
5 0 5 -3 4 -3 9 169 -1
5 0 5 -3 6 -3 625 11271 -1
5 0 5 -2 2 -2 175 1521 -1
5 0 5 -2 4 -2 21 676 -1
5 0 5 -2 6 -2 200 33813 -1
5 0 5 -1 2 -1 25 6084 1
5 0 5 -1 4 -1 3 338 1
5 0 5 -1 6 -1 560 33813 1
5 0 5 0 0 0 1 4 1
5 0 5 0 2 0 125 1521 1
5 0 5 0 4 0 9 169 1
5 0 5 0 6 0 1600 33813 1
5 0 5 1 2 1 25 6084 1
5 0 5 1 4 1 3 338 1
5 0 5 1 6 1 560 33813 1
5 0 5 2 2 2 175 1521 -1
5 0 5 2 4 2 21 676 -1
5 0 5 2 6 2 200 33813 -1
5 0 5 3 4 3 9 169 -1
5 0 5 3 6 3 625 11271 -1
5 0 5 4 4 4 9 169 1
5 0 5 4 6 4 80 3757 -1
5 0 5 5 6 5 275 3757 1
5 0 6 -5 5 -5 275 3757 1
5 0 6 -4 5 -4 80 3757 -1
5 0 6 -3 3 -3 49 429 -1
5 0 6 -3 5 -3 625 11271 -1
5 0 6 -2 3 -2 49 2574 -1
5 0 6 -2 5 -2 200 33813 -1
5 0 6 -1 1 -1 63 572 1
5 0 6 -1 3 -1 49 2574 1
5 0 6 -1 5 -1 560 33813 1
5 0 6 0 1 0 27 143 1
5 0 6 0 3 0 343 5148 1
5 0 6 0 5 0 1600 33813 1
5 0 6 1 1 1 63 572 1
5 0 6 1 3 1 49 2574 1
5 0 6 1 5 1 560 33813 1
5 0 6 2 3 2 49 2574 -1
5 0 6 2 5 2 200 33813 -1
5 0 6 3 3 3 49 429 -1
5 0 6 3 5 3 625 11271 -1
5 0 6 4 5 4 80 3757 -1
5 0 6 5 5 5 275 3757 1
5 1 0 0 5 1 1 4 1
5 1 1 -1 4 0 5 44 -1
5 1 1 -1 6 0 45 572 1
5 1 1 0 4 1 2 11 1
5 1 1 0 6 1 105 572 1
5 1 1 1 4 2 1 22 -1
5 1 1 1 6 2 21 143 1
5 1 2 -2 3 -1 25 924 1
5 1 2 -2 5 -1 125 1014 -1
5 1 2 -1 3 0 100 693 -1
5 1 2 -1 5 0 25 6084 -1
5 1 2 0 3 1 25 154 1
5 1 2 0 5 1 45 676 1
5 1 2 1 3 2 10 231 -1
5 1 2 1 5 2 35 1014 1
5 1 2 2 3 3 5 2772 1
5 1 2 2 5 3 140 1521 -1
5 1 3 -3 2 -2 5 2772 -1
5 1 3 -3 4 -2 3375 52052 1
5 1 3 -3 6 -2 245 2574 -1
5 1 3 -2 2 -1 10 231 1
5 1 3 -2 4 -1 3125 52052 -1
5 1 3 -2 6 -1 49 858 -1
5 1 3 -1 2 0 25 154 -1
5 1 3 -1 4 0 55 2366 -1
5 1 3 0 2 1 100 693 1
5 1 3 0 4 1 1083 26026 1
5 1 3 0 6 1 245 5148 1
5 1 3 1 2 2 25 924 -1
5 1 3 1 4 2 1849 52052 1
5 1 3 1 6 2 49 858 1
5 1 3 2 4 3 55 676 -1
5 1 3 3 4 4 15 1859 1
5 1 3 3 6 4 49 429 -1
5 1 4 -4 3 -3 15 1859 -1
5 1 4 -4 5 -3 15 169 1
5 1 4 -3 3 -2 55 676 1
5 1 4 -3 5 -2 5 676 -1
5 1 4 -2 1 -1 1 22 1
5 1 4 -2 3 -1 1849 52052 -1
5 1 4 -2 5 -1 10 169 -1
5 1 4 -1 1 0 2 11 -1
5 1 4 -1 3 0 1083 26026 -1
5 1 4 -1 5 0 3 338 -1
5 1 4 0 1 1 5 44 1
5 1 4 0 3 1 55 2366 1
5 1 4 0 5 1 4 169 1
5 1 4 1 3 2 3125 52052 1
5 1 4 1 5 2 35 676 1
5 1 4 2 3 3 3375 52052 -1
5 1 4 3 5 4 15 169 -1
5 1 4 4 5 5 3 169 1
5 1 5 -5 4 -4 3 169 -1
5 1 5 -5 6 -4 375 3757 1
5 1 5 -4 4 -3 15 169 1
5 1 5 -4 6 -3 5 3757 1
5 1 5 -3 2 -2 140 1521 1
5 1 5 -3 6 -2 1210 33813 -1
5 1 5 -2 2 -1 35 1014 -1
5 1 5 -2 4 -1 35 676 -1
5 1 5 -2 6 -1 512 11271 -1
5 1 5 -1 0 0 1 4 -1
5 1 5 -1 2 0 45 676 -1
5 1 5 -1 4 0 4 169 -1
5 1 5 -1 6 0 16 3757 -1
5 1 5 0 2 1 25 6084 1
5 1 5 0 4 1 3 338 1
5 1 5 0 6 1 560 33813 1
5 1 5 1 2 2 125 1014 1
5 1 5 1 4 2 10 169 1
5 1 5 1 6 2 560 11271 1
5 1 5 2 4 3 5 676 1
5 1 5 2 6 3 60 3757 1
5 1 5 3 4 4 15 169 -1
5 1 5 3 6 4 13 867 -1
5 1 5 4 6 5 297 3757 -1
5 1 5 5 6 6 110 3757 1
5 1 6 -6 5 -5 110 3757 -1
5 1 6 -5 5 -4 297 3757 1
5 1 6 -4 3 -3 49 429 1
5 1 6 -4 5 -3 13 867 1
5 1 6 -3 5 -2 60 3757 -1
5 1 6 -2 1 -1 21 143 -1
5 1 6 -2 3 -1 49 858 -1
5 1 6 -2 5 -1 560 11271 -1
5 1 6 -1 1 0 105 572 -1
5 1 6 -1 3 0 245 5148 -1
5 1 6 -1 5 0 560 33813 -1
5 1 6 0 1 1 45 572 -1
5 1 6 0 5 1 16 3757 1
5 1 6 1 3 2 49 858 1
5 1 6 1 5 2 512 11271 1
5 1 6 2 3 3 245 2574 1
5 1 6 2 5 3 1210 33813 1
5 1 6 3 5 4 5 3757 -1
5 1 6 4 5 5 375 3757 -1
5 2 0 0 5 2 1 4 1
5 2 1 -1 4 1 7 44 -1
5 2 1 -1 6 1 15 286 1
5 2 1 0 4 2 7 44 1
5 2 1 0 6 2 24 143 1
5 2 1 1 4 3 1 44 -1
5 2 1 1 6 3 27 143 1
5 2 2 -2 3 0 25 396 1
5 2 2 -2 5 0 175 1521 -1
5 2 2 -1 3 1 25 132 -1
5 2 2 -1 5 1 35 1014 -1
5 2 2 0 3 2 5 44 1
5 2 2 0 5 2 5 169 1
5 2 2 1 3 3 5 396 -1
5 2 2 1 5 3 125 1521 1
5 2 2 2 5 4 10 169 -1
5 2 3 -3 2 -1 5 396 -1
5 2 3 -3 4 -1 375 3718 1
5 2 3 -3 6 -1 343 5148 -1
5 2 3 -2 2 0 5 44 1
5 2 3 -2 4 0 25 1859 -1
5 2 3 -2 6 0 49 572 -1
5 2 3 -1 2 1 25 132 -1
5 2 3 -1 4 1 128 1859 -1
5 2 3 -1 6 1 35 1716 -1
5 2 3 0 2 2 25 396 1
5 2 3 0 4 2 3 1859 1
5 2 3 0 6 2 14 1287 1
5 2 3 1 4 3 343 3718 1
5 2 3 1 6 3 21 286 1
5 2 3 2 4 4 70 1859 -1
5 2 3 2 6 4 7 286 1
5 2 3 3 6 5 7 78 -1
5 2 4 -4 3 -2 70 1859 -1
5 2 4 -4 5 -2 35 338 1
5 2 4 -3 1 -1 1 44 -1
5 2 4 -3 3 -1 343 3718 1
5 2 4 -3 5 -1 5 676 1
5 2 4 -2 1 0 7 44 1
5 2 4 -2 3 0 3 1859 1
5 2 4 -2 5 0 21 676 -1
5 2 4 -1 1 1 7 44 -1
5 2 4 -1 3 1 128 1859 -1
5 2 4 -1 5 1 35 676 -1
5 2 4 0 3 2 25 1859 -1
5 2 4 0 5 2 1 676 -1
5 2 4 1 3 3 375 3718 1
5 2 4 1 5 3 15 338 1
5 2 4 2 5 4 15 338 1
5 2 4 3 5 5 21 338 -1
5 2 5 -5 4 -3 21 338 -1
5 2 5 -5 6 -3 350 3757 1
5 2 5 -4 2 -2 10 169 -1
5 2 5 -4 4 -2 15 338 1
5 2 5 -4 6 -2 140 3757 1
5 2 5 -3 2 -1 125 1521 1
5 2 5 -3 4 -1 15 338 1
5 2 5 -3 6 -1 28 33813 -1
5 2 5 -2 0 0 1 4 1
5 2 5 -2 2 0 5 169 1
5 2 5 -2 4 0 1 676 -1
5 2 5 -2 6 0 144 3757 -1
5 2 5 -1 2 1 35 1014 -1
5 2 5 -1 4 1 35 676 -1
5 2 5 -1 6 1 512 11271 -1
5 2 5 0 2 2 175 1521 -1
5 2 5 0 4 2 21 676 -1
5 2 5 0 6 2 200 33813 -1
5 2 5 1 4 3 5 676 1
5 2 5 1 6 3 60 3757 1
5 2 5 2 4 4 35 338 1
5 2 5 2 6 4 224 3757 1
5 2 5 3 6 5 154 11271 1
5 2 5 4 6 6 308 3757 -1
5 2 6 -6 5 -4 308 3757 -1
5 2 6 -5 3 -3 7 78 -1
5 2 6 -5 5 -3 154 11271 1
5 2 6 -4 3 -2 7 286 1
5 2 6 -4 5 -2 224 3757 1
5 2 6 -3 1 -1 27 143 1
5 2 6 -3 3 -1 21 286 1
5 2 6 -3 5 -1 60 3757 1
5 2 6 -2 1 0 24 143 1
5 2 6 -2 3 0 14 1287 1
5 2 6 -2 5 0 200 33813 -1
5 2 6 -1 1 1 15 286 1
5 2 6 -1 3 1 35 1716 -1
5 2 6 -1 5 1 512 11271 -1
5 2 6 0 3 2 49 572 -1
5 2 6 0 5 2 144 3757 -1
5 2 6 1 3 3 343 5148 -1
5 2 6 1 5 3 28 33813 -1
5 2 6 2 5 4 140 3757 1
5 2 6 3 5 5 350 3757 1
5 3 0 0 5 3 1 4 1
5 3 1 -1 4 2 7 33 -1
5 3 1 -1 6 2 9 286 1
5 3 1 0 4 3 4 33 1
5 3 1 0 6 3 81 572 1
5 3 1 1 4 4 1 132 -1
5 3 1 1 6 4 135 572 1
5 3 2 -2 3 1 25 198 1
5 3 2 -2 5 1 140 1521 -1
5 3 2 -1 3 2 20 99 -1
5 3 2 -1 5 2 125 1521 -1
5 3 2 0 3 3 5 99 1
5 3 2 0 5 3 5 6084 1
5 3 2 1 5 4 245 2028 1
5 3 2 2 5 5 25 1014 -1
5 3 3 -3 2 0 5 99 -1
5 3 3 -3 4 0 225 1859 1
5 3 3 -3 6 0 49 1287 -1
5 3 3 -2 2 1 20 99 1
5 3 3 -2 4 1 15 3718 1
5 3 3 -2 6 1 112 1287 -1
5 3 3 -1 2 2 25 198 -1
5 3 3 -1 4 2 243 3718 -1
5 3 3 -1 6 2 343 5148 -1
5 3 3 0 4 3 63 1859 -1
5 3 3 0 6 3 7 1716 -1
5 3 3 1 4 4 168 1859 1
5 3 3 1 6 4 35 858 1
5 3 3 2 6 5 7 78 1
5 3 3 3 6 6 7 156 -1
5 3 4 -4 1 -1 1 132 1
5 3 4 -4 3 -1 168 1859 -1
5 3 4 -4 5 -1 15 169 1
5 3 4 -3 1 0 4 33 -1
5 3 4 -3 3 0 63 1859 1
5 3 4 -3 5 0 9 169 1
5 3 4 -2 1 1 7 33 1
5 3 4 -2 3 1 243 3718 1
5 3 4 -1 3 2 15 3718 -1
5 3 4 -1 5 2 15 338 -1
5 3 4 0 3 3 225 1859 -1
5 3 4 0 5 3 9 169 -1
5 3 4 2 5 5 18 169 1
5 3 5 -5 2 -2 25 1014 1
5 3 5 -5 4 -2 18 169 -1
5 3 5 -5 6 -2 700 11271 1
5 3 5 -4 2 -1 245 2028 -1
5 3 5 -4 6 -1 847 11271 1
5 3 5 -3 0 0 1 4 -1
5 3 5 -3 2 0 5 6084 -1
5 3 5 -3 4 0 9 169 1
5 3 5 -3 6 0 841 33813 1
5 3 5 -2 2 1 125 1521 1
5 3 5 -2 4 1 15 338 1
5 3 5 -2 6 1 28 33813 -1
5 3 5 -1 2 2 140 1521 1
5 3 5 -1 6 2 1210 33813 -1
5 3 5 0 4 3 9 169 -1
5 3 5 0 6 3 625 11271 -1
5 3 5 1 4 4 15 169 -1
5 3 5 1 6 4 13 867 -1
5 3 5 2 6 5 154 11271 1
5 3 5 3 6 6 1232 11271 1
5 3 6 -6 3 -3 7 156 1
5 3 6 -6 5 -3 1232 11271 -1
5 3 6 -5 3 -2 7 78 -1
5 3 6 -5 5 -2 154 11271 -1
5 3 6 -4 1 -1 135 572 -1
5 3 6 -4 3 -1 35 858 -1
5 3 6 -4 5 -1 13 867 1
5 3 6 -3 1 0 81 572 -1
5 3 6 -3 3 0 7 1716 1
5 3 6 -3 5 0 625 11271 1
5 3 6 -2 1 1 9 286 -1
5 3 6 -2 3 1 343 5148 1
5 3 6 -2 5 1 1210 33813 1
5 3 6 -1 3 2 112 1287 1
5 3 6 -1 5 2 28 33813 1
5 3 6 0 3 3 49 1287 1
5 3 6 0 5 3 841 33813 -1
5 3 6 1 5 4 847 11271 -1
5 3 6 2 5 5 700 11271 -1
5 4 0 0 5 4 1 4 1
5 4 1 -1 4 3 3 11 -1
5 4 1 -1 6 3 9 572 1
5 4 1 0 4 4 3 44 1
5 4 1 0 6 4 15 143 1
5 4 1 1 6 5 15 52 1
5 4 2 -2 3 2 5 22 1
5 4 2 -2 5 2 10 169 -1
5 4 2 -1 3 3 5 33 -1
5 4 2 -1 5 3 245 2028 -1
5 4 2 0 5 4 5 169 -1
5 4 2 1 5 5 75 676 1
5 4 3 -3 2 1 5 33 -1
5 4 3 -3 4 1 405 3718 1
5 4 3 -3 6 1 7 429 -1
5 4 3 -2 2 2 5 22 1
5 4 3 -2 4 2 120 1859 1
5 4 3 -2 6 2 35 572 -1
5 4 3 -1 4 3 21 3718 -1
5 4 3 -1 6 3 14 143 -1
5 4 3 0 4 4 252 1859 -1
5 4 3 0 6 4 35 572 -1
5 4 3 2 6 6 7 52 1
5 4 4 -4 1 0 3 44 1
5 4 4 -4 3 0 252 1859 -1
5 4 4 -4 5 0 9 169 1
5 4 4 -3 1 1 3 11 -1
5 4 4 -3 3 1 21 3718 -1
5 4 4 -3 5 1 15 169 1
5 4 4 -2 3 2 120 1859 1
5 4 4 -2 5 2 15 338 1
5 4 4 -1 3 3 405 3718 1
5 4 4 0 5 4 9 169 -1
5 4 4 1 5 5 18 169 -1
5 4 5 -5 2 -1 75 676 1
5 4 5 -5 4 -1 18 169 -1
5 4 5 -5 6 -1 105 3757 1
5 4 5 -4 0 0 1 4 1
5 4 5 -4 2 0 5 169 -1
5 4 5 -4 4 0 9 169 -1
5 4 5 -4 6 0 256 3757 1
5 4 5 -3 2 1 245 2028 -1
5 4 5 -3 6 1 847 11271 1
5 4 5 -2 2 2 10 169 -1
5 4 5 -2 4 2 15 338 1
5 4 5 -2 6 2 140 3757 1
5 4 5 -1 4 3 15 169 1
5 4 5 -1 6 3 5 3757 1
5 4 5 0 4 4 9 169 1
5 4 5 0 6 4 80 3757 -1
5 4 5 1 6 5 297 3757 -1
5 4 5 2 6 6 308 3757 -1
5 4 6 -6 3 -2 7 52 1
5 4 6 -6 5 -2 308 3757 -1
5 4 6 -5 1 -1 15 52 1
5 4 6 -5 5 -1 297 3757 -1
5 4 6 -4 1 0 15 143 1
5 4 6 -4 3 0 35 572 -1
5 4 6 -4 5 0 80 3757 -1
5 4 6 -3 1 1 9 572 1
5 4 6 -3 3 1 14 143 -1
5 4 6 -3 5 1 5 3757 1
5 4 6 -2 3 2 35 572 -1
5 4 6 -2 5 2 140 3757 1
5 4 6 -1 3 3 7 429 -1
5 4 6 -1 5 3 847 11271 1
5 4 6 0 5 4 256 3757 1
5 4 6 1 5 5 105 3757 1
5 5 0 0 5 5 1 4 1
5 5 1 -1 4 4 15 44 -1
5 5 1 -1 6 4 3 572 1
5 5 1 0 6 5 3 52 1
5 5 1 1 6 6 9 26 1
5 5 2 -2 3 3 25 66 1
5 5 2 -2 5 3 25 1014 -1
5 5 2 -1 5 4 75 676 -1
5 5 2 0 5 5 125 676 -1
5 5 3 -3 2 2 25 66 -1
5 5 3 -3 4 2 225 3718 1
5 5 3 -3 6 2 7 1716 -1
5 5 3 -2 4 3 525 3718 1
5 5 3 -2 6 3 7 286 -1
5 5 3 -1 4 4 210 1859 1
5 5 3 -1 6 4 21 286 -1
5 5 3 0 6 5 7 52 -1
5 5 3 1 6 6 7 52 -1
5 5 4 -4 1 1 15 44 1
5 5 4 -4 3 1 210 1859 -1
5 5 4 -4 5 1 3 169 1
5 5 4 -3 3 2 525 3718 -1
5 5 4 -3 5 2 21 338 1
5 5 4 -2 3 3 225 3718 -1
5 5 4 -2 5 3 18 169 1
5 5 4 -1 5 4 18 169 1
5 5 4 0 5 5 9 169 1
5 5 5 -5 0 0 1 4 -1
5 5 5 -5 2 0 125 676 1
5 5 5 -5 4 0 9 169 -1
5 5 5 -5 6 0 25 3757 1
5 5 5 -4 2 1 75 676 1
5 5 5 -4 4 1 18 169 -1
5 5 5 -4 6 1 105 3757 1
5 5 5 -3 2 2 25 1014 1
5 5 5 -3 4 2 18 169 -1
5 5 5 -3 6 2 700 11271 1
5 5 5 -2 4 3 21 338 -1
5 5 5 -2 6 3 350 3757 1
5 5 5 -1 4 4 3 169 -1
5 5 5 -1 6 4 375 3757 1
5 5 5 0 6 5 275 3757 1
5 5 5 1 6 6 110 3757 1
5 5 6 -6 1 -1 9 26 -1
5 5 6 -6 3 -1 7 52 1
5 5 6 -6 5 -1 110 3757 -1
5 5 6 -5 1 0 3 52 -1
5 5 6 -5 3 0 7 52 1
5 5 6 -5 5 0 275 3757 -1
5 5 6 -4 1 1 3 572 -1
5 5 6 -4 3 1 21 286 1
5 5 6 -4 5 1 375 3757 -1
5 5 6 -3 3 2 7 286 1
5 5 6 -3 5 2 350 3757 -1
5 5 6 -2 3 3 7 1716 1
5 5 6 -2 5 3 700 11271 -1
5 5 6 -1 5 4 105 3757 -1
5 5 6 0 5 5 25 3757 -1
6 -6 0 0 6 -6 1 4 1
6 -6 1 1 5 -5 9 26 -1
6 -6 2 0 6 -6 1 5 -1
6 -6 2 1 6 -5 1 10 -1
6 -6 2 2 4 -4 225 572 1
6 -6 2 2 6 -4 1 55 -1
6 -6 3 1 5 -5 7 52 1
6 -6 3 2 5 -4 7 52 1
6 -6 3 3 3 -3 175 429 -1
6 -6 3 3 5 -3 7 156 1
6 -6 4 0 6 -6 81 1156 1
6 -6 4 1 6 -5 135 1156 1
6 -6 4 2 4 -4 12 143 -1
6 -6 4 2 6 -4 1215 12716 1
6 -6 4 3 4 -3 21 143 -1
6 -6 4 3 6 -3 567 12716 1
6 -6 4 4 2 -2 225 572 1
6 -6 4 4 4 -2 12 143 -1
6 -6 4 4 6 -2 63 6358 1
6 -6 5 1 5 -5 110 3757 -1
6 -6 5 2 5 -4 308 3757 -1
6 -6 5 3 3 -3 7 156 1
6 -6 5 3 5 -3 1232 11271 -1
6 -6 5 4 3 -2 7 52 1
6 -6 5 4 5 -2 308 3757 -1
6 -6 5 5 1 -1 9 26 -1
6 -6 5 5 3 -1 7 52 1
6 -6 5 5 5 -1 110 3757 -1
6 -6 6 0 6 -6 1300 104329 -1
6 -6 6 1 6 -5 4550 104329 -1
6 -6 6 2 4 -4 63 6358 1
6 -6 6 2 6 -4 91000 1147619 -1
6 -6 6 3 4 -3 567 12716 1
6 -6 6 3 6 -3 109200 1147619 -1
6 -6 6 4 2 -2 1 55 -1
6 -6 6 4 4 -2 1215 12716 1
6 -6 6 4 6 -2 91000 1147619 -1
6 -6 6 5 2 -1 1 10 -1
6 -6 6 5 4 -1 135 1156 1
6 -6 6 5 6 -1 4550 104329 -1
6 -6 6 6 0 0 1 4 1
6 -6 6 6 2 0 1 5 -1
6 -6 6 6 4 0 81 1156 1
6 -6 6 6 6 0 1300 104329 -1
6 -5 0 0 6 -5 1 4 1
6 -5 1 0 5 -5 3 52 1
6 -5 1 1 5 -4 15 52 -1
6 -5 2 -1 6 -6 1 10 1
6 -5 2 0 6 -5 1 20 -1
6 -5 2 1 4 -4 75 572 -1
6 -5 2 1 6 -4 27 220 -1
6 -5 2 2 4 -3 75 286 1
6 -5 2 2 6 -3 1 22 -1
6 -5 3 0 5 -5 7 52 -1
6 -5 3 2 3 -3 175 858 1
6 -5 3 2 5 -3 7 78 1
6 -5 3 3 3 -2 175 858 -1
6 -5 3 3 5 -2 7 78 1
6 -5 4 -1 6 -6 135 1156 -1
6 -5 4 0 6 -5 9 289 -1
6 -5 4 1 4 -4 18 143 1
6 -5 4 1 6 -4 45 6358 1
6 -5 4 2 4 -3 9 286 1
6 -5 4 2 6 -3 216 3179 1
6 -5 4 3 2 -2 75 286 -1
6 -5 4 3 4 -2 9 286 -1
6 -5 4 3 6 -2 1029 12716 1
6 -5 4 4 2 -1 75 572 1
6 -5 4 4 4 -1 18 143 -1
6 -5 4 4 6 -1 105 3179 1
6 -5 5 0 5 -5 275 3757 1
6 -5 5 1 5 -4 297 3757 1
6 -5 5 2 3 -3 7 78 -1
6 -5 5 2 5 -3 154 11271 1
6 -5 5 3 3 -2 7 78 -1
6 -5 5 3 5 -2 154 11271 -1
6 -5 5 4 1 -1 15 52 1
6 -5 5 4 5 -1 297 3757 -1
6 -5 5 5 1 0 3 52 -1
6 -5 5 5 3 0 7 52 1
6 -5 5 5 5 0 275 3757 -1
6 -5 6 -1 6 -6 4550 104329 1
6 -5 6 0 6 -5 8125 104329 1
6 -5 6 1 4 -4 105 3179 -1
6 -5 6 1 6 -4 61425 1147619 1
6 -5 6 2 4 -3 1029 12716 -1
6 -5 6 2 6 -3 9100 1147619 1
6 -5 6 3 2 -2 1 22 1
6 -5 6 3 4 -2 216 3179 -1
6 -5 6 3 6 -2 9100 1147619 -1
6 -5 6 4 2 -1 27 220 1
6 -5 6 4 4 -1 45 6358 -1
6 -5 6 4 6 -1 61425 1147619 -1
6 -5 6 5 0 0 1 4 -1
6 -5 6 5 2 0 1 20 1
6 -5 6 5 4 0 9 289 1
6 -5 6 5 6 0 8125 104329 -1
6 -5 6 6 2 1 1 10 -1
6 -5 6 6 4 1 135 1156 1
6 -5 6 6 6 1 4550 104329 -1
6 -4 0 0 6 -4 1 4 1
6 -4 1 -1 5 -5 3 572 -1
6 -4 1 0 5 -4 15 143 1
6 -4 1 1 5 -3 135 572 -1
6 -4 2 -2 6 -6 1 55 -1
6 -4 2 -1 6 -5 27 220 1
6 -4 2 0 4 -4 225 6292 1
6 -4 2 0 6 -4 1 605 -1
6 -4 2 1 4 -3 300 1573 -1
6 -4 2 1 6 -3 49 484 -1
6 -4 2 2 4 -2 525 3146 1
6 -4 2 2 6 -2 9 121 -1
6 -4 3 -1 5 -5 21 286 1
6 -4 3 0 5 -4 35 572 -1
6 -4 3 1 3 -3 875 9438 -1
6 -4 3 1 5 -3 35 858 -1
6 -4 3 2 3 -2 350 1573 1
6 -4 3 2 5 -2 7 286 1
6 -4 3 3 3 -1 875 9438 -1
6 -4 3 3 5 -1 49 429 1
6 -4 4 -2 6 -6 1215 12716 1
6 -4 4 -1 6 -5 45 6358 -1
6 -4 4 0 4 -4 180 1573 -1
6 -4 4 0 6 -4 2304 34969 -1
6 -4 4 1 4 -3 9 3146 1
6 -4 4 1 6 -3 1323 69938 -1
6 -4 4 2 2 -2 525 3146 1
6 -4 4 2 4 -2 126 1573 1
6 -4 4 2 6 -2 1587 139876 1
6 -4 4 3 2 -1 300 1573 -1
6 -4 4 3 4 -1 9 3146 1
6 -4 4 3 6 -1 2625 34969 1
6 -4 4 4 2 0 225 6292 1
6 -4 4 4 4 0 180 1573 -1
6 -4 4 4 6 0 2205 34969 1
6 -4 5 -1 5 -5 375 3757 -1
6 -4 5 0 5 -4 80 3757 -1
6 -4 5 1 3 -3 49 429 1
6 -4 5 1 5 -3 13 867 1
6 -4 5 2 3 -2 7 286 1
6 -4 5 2 5 -2 224 3757 1
6 -4 5 3 1 -1 135 572 -1
6 -4 5 3 3 -1 35 858 -1
6 -4 5 3 5 -1 13 867 1
6 -4 5 4 1 0 15 143 1
6 -4 5 4 3 0 35 572 -1
6 -4 5 4 5 0 80 3757 -1
6 -4 5 5 1 1 3 572 -1
6 -4 5 5 3 1 21 286 1
6 -4 5 5 5 1 375 3757 -1
6 -4 6 -2 6 -6 91000 1147619 -1
6 -4 6 -1 6 -5 61425 1147619 -1
6 -4 6 0 4 -4 2205 34969 1
6 -4 6 0 6 -4 20800 12623809 -1
6 -4 6 1 4 -3 2625 34969 1
6 -4 6 1 6 -3 284375 12623809 1
6 -4 6 2 2 -2 9 121 -1
6 -4 6 2 4 -2 1587 139876 1
6 -4 6 2 6 -2 655200 12623809 1
6 -4 6 3 2 -1 49 484 -1
6 -4 6 3 4 -1 1323 69938 -1
6 -4 6 3 6 -1 284375 12623809 1
6 -4 6 4 0 0 1 4 1
6 -4 6 4 2 0 1 605 -1
6 -4 6 4 4 0 2304 34969 -1
6 -4 6 4 6 0 20800 12623809 -1
6 -4 6 5 2 1 27 220 1
6 -4 6 5 4 1 45 6358 -1
6 -4 6 5 6 1 61425 1147619 -1
6 -4 6 6 2 2 1 55 -1
6 -4 6 6 4 2 1215 12716 1
6 -4 6 6 6 2 91000 1147619 -1
6 -3 0 0 6 -3 1 4 1
6 -3 1 -1 5 -4 9 572 -1
6 -3 1 0 5 -3 81 572 1
6 -3 1 1 5 -2 27 143 -1
6 -3 2 -2 6 -5 1 22 -1
6 -3 2 -1 4 -4 45 6292 -1
6 -3 2 -1 6 -4 49 484 1
6 -3 2 0 4 -3 135 1573 1
6 -3 2 0 6 -3 5 484 1
6 -3 2 1 4 -2 315 1573 -1
6 -3 2 1 6 -2 15 242 -1
6 -3 2 2 4 -1 315 3146 1
6 -3 2 2 6 -1 12 121 -1
6 -3 3 -2 5 -5 7 286 -1
6 -3 3 -1 5 -4 14 143 1
6 -3 3 0 3 -3 175 4719 1
6 -3 3 0 5 -3 7 1716 -1
6 -3 3 1 3 -2 525 3146 -1
6 -3 3 1 5 -2 21 286 -1
6 -3 3 2 3 -1 525 3146 1
6 -3 3 3 3 0 175 4719 -1
6 -3 3 3 5 0 49 429 1
6 -3 4 -3 6 -6 567 12716 -1
6 -3 4 -2 6 -5 216 3179 1
6 -3 4 -1 4 -4 120 1573 1
6 -3 4 -1 6 -4 1323 69938 1
6 -3 4 0 4 -3 75 1573 -1
6 -3 4 0 6 -3 729 34969 -1
6 -3 4 1 2 -2 315 3146 -1
6 -3 4 1 4 -2 105 3146 -1
6 -3 4 1 6 -2 7605 139876 -1
6 -3 4 2 2 -1 315 1573 1
6 -3 4 2 4 -1 105 3146 1
6 -3 4 2 6 -1 144 34969 -1
6 -3 4 3 2 0 135 1573 -1
6 -3 4 3 4 0 75 1573 1
6 -3 4 3 6 0 1323 34969 1
6 -3 4 4 2 1 45 6292 1
6 -3 4 4 4 1 120 1573 -1
6 -3 4 4 6 1 3087 34969 1
6 -3 5 -2 5 -5 350 3757 1
6 -3 5 -1 5 -4 5 3757 -1
6 -3 5 0 3 -3 49 429 -1
6 -3 5 0 5 -3 625 11271 -1
6 -3 5 1 5 -2 60 3757 -1
6 -3 5 2 1 -1 27 143 1
6 -3 5 2 3 -1 21 286 1
6 -3 5 2 5 -1 60 3757 1
6 -3 5 3 1 0 81 572 -1
6 -3 5 3 3 0 7 1716 1
6 -3 5 3 5 0 625 11271 1
6 -3 5 4 1 1 9 572 1
6 -3 5 4 3 1 14 143 -1
6 -3 5 4 5 1 5 3757 1
6 -3 5 5 3 2 7 286 1
6 -3 5 5 5 2 350 3757 -1
6 -3 6 -3 6 -6 109200 1147619 1
6 -3 6 -2 6 -5 9100 1147619 1
6 -3 6 -1 4 -4 3087 34969 -1
6 -3 6 -1 6 -4 284375 12623809 -1
6 -3 6 0 4 -3 1323 34969 -1
6 -3 6 0 6 -3 600925 12623809 -1
6 -3 6 1 2 -2 12 121 1
6 -3 6 1 4 -2 144 34969 1
6 -3 6 1 6 -2 122850 12623809 -1
6 -3 6 2 2 -1 15 242 1
6 -3 6 2 4 -1 7605 139876 1
6 -3 6 2 6 -1 122850 12623809 1
6 -3 6 3 0 0 1 4 -1
6 -3 6 3 2 0 5 484 -1
6 -3 6 3 4 0 729 34969 1
6 -3 6 3 6 0 600925 12623809 1
6 -3 6 4 2 1 49 484 -1
6 -3 6 4 4 1 1323 69938 -1
6 -3 6 4 6 1 284375 12623809 1
6 -3 6 5 2 2 1 22 1
6 -3 6 5 4 2 216 3179 -1
6 -3 6 5 6 2 9100 1147619 -1
6 -3 6 6 4 3 567 12716 1
6 -3 6 6 6 3 109200 1147619 -1
6 -2 0 0 6 -2 1 4 1
6 -2 1 -1 5 -3 9 286 -1
6 -2 1 0 5 -2 24 143 1
6 -2 1 1 5 -1 21 143 -1
6 -2 2 -2 4 -4 5 6292 1
6 -2 2 -2 6 -4 9 121 -1
6 -2 2 -1 4 -3 40 1573 -1
6 -2 2 -1 6 -3 15 242 1
6 -2 2 0 4 -2 210 1573 1
6 -2 2 0 6 -2 5 121 1
6 -2 2 1 4 -1 280 1573 -1
6 -2 2 1 6 -1 3 121 -1
6 -2 2 2 4 0 175 3146 1
6 -2 2 2 6 0 14 121 -1
6 -2 3 -3 5 -5 7 1716 1
6 -2 3 -2 5 -4 35 572 -1
6 -2 3 -1 3 -3 175 14157 -1
6 -2 3 -1 5 -3 343 5148 1
6 -2 3 0 3 -2 1400 14157 1
6 -2 3 0 5 -2 14 1287 1
6 -2 3 1 3 -1 875 4719 -1
6 -2 3 1 5 -1 49 858 -1
6 -2 3 2 3 0 1400 14157 1
6 -2 3 2 5 0 49 2574 -1
6 -2 3 3 3 1 175 14157 -1
6 -2 3 3 5 1 245 2574 1
6 -2 4 -4 6 -6 63 6358 1
6 -2 4 -3 6 -5 1029 12716 -1
6 -2 4 -2 4 -4 60 1573 -1
6 -2 4 -2 6 -4 1587 139876 1
6 -2 4 -1 4 -3 135 1573 1
6 -2 4 -1 6 -3 7605 139876 1
6 -2 4 0 2 -2 175 3146 1
6 -2 4 0 6 -2 1 1156 1
6 -2 4 1 2 -1 280 1573 -1
6 -2 4 1 4 -1 105 1573 -1
6 -2 4 1 6 -1 2809 69938 -1
6 -2 4 2 2 0 210 1573 1
6 -2 4 2 6 0 21 578 -1
6 -2 4 3 2 1 40 1573 -1
6 -2 4 3 4 1 135 1573 1
6 -2 4 3 6 1 343 69938 1
6 -2 4 4 2 2 5 6292 1
6 -2 4 4 4 2 60 1573 -1
6 -2 4 4 6 2 3430 34969 1
6 -2 5 -3 5 -5 700 11271 -1
6 -2 5 -2 5 -4 140 3757 1
6 -2 5 -1 3 -3 245 2574 1
6 -2 5 -1 5 -3 1210 33813 1
6 -2 5 0 3 -2 49 2574 -1
6 -2 5 0 5 -2 200 33813 -1
6 -2 5 1 1 -1 21 143 -1
6 -2 5 1 3 -1 49 858 -1
6 -2 5 1 5 -1 560 11271 -1
6 -2 5 2 1 0 24 143 1
6 -2 5 2 3 0 14 1287 1
6 -2 5 2 5 0 200 33813 -1
6 -2 5 3 1 1 9 286 -1
6 -2 5 3 3 1 343 5148 1
6 -2 5 3 5 1 1210 33813 1
6 -2 5 4 3 2 35 572 -1
6 -2 5 4 5 2 140 3757 1
6 -2 5 5 3 3 7 1716 1
6 -2 5 5 5 3 700 11271 -1
6 -2 6 -4 6 -6 91000 1147619 -1
6 -2 6 -3 6 -5 9100 1147619 1
6 -2 6 -2 4 -4 3430 34969 1
6 -2 6 -2 6 -4 655200 12623809 1
6 -2 6 -1 4 -3 343 69938 1
6 -2 6 -1 6 -3 122850 12623809 1
6 -2 6 0 2 -2 14 121 -1
6 -2 6 0 4 -2 21 578 -1
6 -2 6 0 6 -2 1300 104329 -1
6 -2 6 1 2 -1 3 121 -1
6 -2 6 1 4 -1 2809 69938 -1
6 -2 6 1 6 -1 546000 12623809 -1
6 -2 6 2 0 0 1 4 1
6 -2 6 2 2 0 5 121 1
6 -2 6 2 4 0 1 1156 1
6 -2 6 2 6 0 1300 104329 -1
6 -2 6 3 2 1 15 242 1
6 -2 6 3 4 1 7605 139876 1
6 -2 6 3 6 1 122850 12623809 1
6 -2 6 4 2 2 9 121 -1
6 -2 6 4 4 2 1587 139876 1
6 -2 6 4 6 2 655200 12623809 1
6 -2 6 5 4 3 1029 12716 -1
6 -2 6 5 6 3 9100 1147619 1
6 -2 6 6 4 4 63 6358 1
6 -2 6 6 6 4 91000 1147619 -1
6 -1 0 0 6 -1 1 4 1
6 -1 1 -1 5 -2 15 286 -1
6 -1 1 0 5 -1 105 572 1
6 -1 1 1 5 0 63 572 -1
6 -1 2 -2 4 -3 25 6292 1
6 -1 2 -2 6 -3 12 121 -1
6 -1 2 -1 4 -2 175 3146 -1
6 -1 2 -1 6 -2 3 121 1
6 -1 2 0 4 -1 525 3146 1
6 -1 2 0 6 -1 169 2420 1
6 -1 2 1 4 0 875 6292 -1
6 -1 2 1 6 0 7 2420 -1
6 -1 2 2 4 1 175 6292 1
6 -1 2 2 6 1 147 1210 -1
6 -1 3 -3 5 -4 7 429 1
6 -1 3 -2 3 -3 175 56628 1
6 -1 3 -2 5 -3 112 1287 -1
6 -1 3 -1 3 -2 875 18876 -1
6 -1 3 -1 5 -2 35 1716 1
6 -1 3 0 3 -1 4375 28314 1
6 -1 3 0 5 -1 245 5148 1
6 -1 3 1 3 0 4375 28314 -1
6 -1 3 1 5 0 49 2574 -1
6 -1 3 2 3 1 875 18876 1
6 -1 3 2 5 1 49 858 -1
6 -1 3 3 3 2 175 56628 -1
6 -1 3 3 5 2 343 5148 1
6 -1 4 -4 6 -5 105 3179 1
6 -1 4 -3 4 -4 21 1573 1
6 -1 4 -3 6 -4 2625 34969 -1
6 -1 4 -2 4 -3 39 484 -1
6 -1 4 -2 6 -3 144 34969 -1
6 -1 4 -1 2 -2 175 6292 -1
6 -1 4 -1 4 -2 189 6292 1
6 -1 4 -1 6 -2 2809 69938 1
6 -1 4 0 2 -1 875 6292 1
6 -1 4 0 4 -1 105 3146 1
6 -1 4 0 6 -1 1024 34969 1
6 -1 4 1 2 0 525 3146 -1
6 -1 4 1 4 0 105 3146 -1
6 -1 4 1 6 0 210 34969 -1
6 -1 4 2 2 1 175 3146 1
6 -1 4 2 4 1 189 6292 -1
6 -1 4 2 6 1 1960 34969 -1
6 -1 4 3 2 2 25 6292 -1
6 -1 4 3 4 2 39 484 1
6 -1 4 3 6 2 343 69938 -1
6 -1 4 4 4 3 21 1573 -1
6 -1 4 4 6 3 3087 34969 1
6 -1 5 -4 5 -5 105 3757 1
6 -1 5 -3 5 -4 847 11271 -1
6 -1 5 -2 3 -3 343 5148 -1
6 -1 5 -2 5 -3 28 33813 -1
6 -1 5 -1 3 -2 49 858 1
6 -1 5 -1 5 -2 512 11271 1
6 -1 5 0 1 -1 63 572 1
6 -1 5 0 3 -1 49 2574 1
6 -1 5 0 5 -1 560 33813 1
6 -1 5 1 1 0 105 572 -1
6 -1 5 1 3 0 245 5148 -1
6 -1 5 1 5 0 560 33813 -1
6 -1 5 2 1 1 15 286 1
6 -1 5 2 3 1 35 1716 -1
6 -1 5 2 5 1 512 11271 -1
6 -1 5 3 3 2 112 1287 1
6 -1 5 3 5 2 28 33813 1
6 -1 5 4 3 3 7 429 -1
6 -1 5 4 5 3 847 11271 1
6 -1 5 5 5 4 105 3757 -1
6 -1 6 -5 6 -6 4550 104329 1
6 -1 6 -4 6 -5 61425 1147619 -1
6 -1 6 -3 4 -4 3087 34969 -1
6 -1 6 -3 6 -4 284375 12623809 -1
6 -1 6 -2 4 -3 343 69938 1
6 -1 6 -2 6 -3 122850 12623809 1
6 -1 6 -1 2 -2 147 1210 1
6 -1 6 -1 4 -2 1960 34969 1
6 -1 6 -1 6 -2 546000 12623809 1
6 -1 6 0 2 -1 7 2420 1
6 -1 6 0 4 -1 210 34969 1
6 -1 6 0 6 -1 130000 12623809 1
6 -1 6 1 0 0 1 4 -1
6 -1 6 1 2 0 169 2420 -1
6 -1 6 1 4 0 1024 34969 -1
6 -1 6 1 6 0 130000 12623809 -1
6 -1 6 2 2 1 3 121 -1
6 -1 6 2 4 1 2809 69938 -1
6 -1 6 2 6 1 546000 12623809 -1
6 -1 6 3 2 2 12 121 1
6 -1 6 3 4 2 144 34969 1
6 -1 6 3 6 2 122850 12623809 -1
6 -1 6 4 4 3 2625 34969 1
6 -1 6 4 6 3 284375 12623809 1
6 -1 6 5 4 4 105 3179 -1
6 -1 6 5 6 4 61425 1147619 1
6 -1 6 6 6 5 4550 104329 -1
6 0 0 0 6 0 1 4 1
6 0 1 -1 5 -1 45 572 -1
6 0 1 0 5 0 27 143 1
6 0 1 1 5 1 45 572 -1
6 0 2 -2 4 -2 75 6292 1
6 0 2 -2 6 -2 14 121 -1
6 0 2 -1 4 -1 150 1573 -1
6 0 2 -1 6 -1 7 2420 1
6 0 2 0 4 0 1125 6292 1
6 0 2 0 6 0 49 605 1
6 0 2 1 4 1 150 1573 -1
6 0 2 1 6 1 7 2420 1
6 0 2 2 4 2 75 6292 1
6 0 2 2 6 2 14 121 -1
6 0 3 -3 3 -3 25 56628 -1
6 0 3 -3 5 -3 49 1287 1
6 0 3 -2 3 -2 25 1573 1
6 0 3 -2 5 -2 49 572 -1
6 0 3 -1 3 -1 625 6292 -1
6 0 3 0 3 0 2500 14157 1
6 0 3 0 5 0 343 5148 1
6 0 3 1 3 1 625 6292 -1
6 0 3 2 3 2 25 1573 1
6 0 3 2 5 2 49 572 -1
6 0 3 3 3 3 25 56628 -1
6 0 3 3 5 3 49 1287 1
6 0 4 -4 4 -4 4 1573 -1
6 0 4 -4 6 -4 2205 34969 1
6 0 4 -3 4 -3 289 6292 1
6 0 4 -3 6 -3 1323 34969 -1
6 0 4 -2 2 -2 75 6292 1
6 0 4 -2 4 -2 1 13 -1
6 0 4 -2 6 -2 21 578 -1
6 0 4 -1 2 -1 150 1573 -1
6 0 4 -1 4 -1 1 6292 -1
6 0 4 -1 6 -1 210 34969 1
6 0 4 0 2 0 1125 6292 1
6 0 4 0 4 0 100 1573 1
6 0 4 0 6 0 1764 34969 1
6 0 4 1 2 1 150 1573 -1
6 0 4 1 4 1 1 6292 -1
6 0 4 1 6 1 210 34969 1
6 0 4 2 2 2 75 6292 1
6 0 4 2 4 2 1 13 -1
6 0 4 2 6 2 21 578 -1
6 0 4 3 4 3 289 6292 1
6 0 4 3 6 3 1323 34969 -1
6 0 4 4 4 4 4 1573 -1
6 0 4 4 6 4 2205 34969 1
6 0 5 -5 5 -5 25 3757 -1
6 0 5 -4 5 -4 256 3757 1
6 0 5 -3 3 -3 49 1287 1
6 0 5 -3 5 -3 841 33813 -1
6 0 5 -2 3 -2 49 572 -1
6 0 5 -2 5 -2 144 3757 -1
6 0 5 -1 1 -1 45 572 -1
6 0 5 -1 5 -1 16 3757 1
6 0 5 0 1 0 27 143 1
6 0 5 0 3 0 343 5148 1
6 0 5 0 5 0 1600 33813 1
6 0 5 1 1 1 45 572 -1
6 0 5 1 5 1 16 3757 1
6 0 5 2 3 2 49 572 -1
6 0 5 2 5 2 144 3757 -1
6 0 5 3 3 3 49 1287 1
6 0 5 3 5 3 841 33813 -1
6 0 5 4 5 4 256 3757 1
6 0 5 5 5 5 25 3757 -1
6 0 6 -6 6 -6 1300 104329 -1
6 0 6 -5 6 -5 8125 104329 1
6 0 6 -4 4 -4 2205 34969 1
6 0 6 -4 6 -4 20800 12623809 -1
6 0 6 -3 4 -3 1323 34969 -1
6 0 6 -3 6 -3 600925 12623809 -1
6 0 6 -2 2 -2 14 121 -1
6 0 6 -2 4 -2 21 578 -1
6 0 6 -2 6 -2 1300 104329 -1
6 0 6 -1 2 -1 7 2420 1
6 0 6 -1 4 -1 210 34969 1
6 0 6 -1 6 -1 130000 12623809 1
6 0 6 0 0 0 1 4 1
6 0 6 0 2 0 49 605 1
6 0 6 0 4 0 1764 34969 1
6 0 6 0 6 0 520000 12623809 1
6 0 6 1 2 1 7 2420 1
6 0 6 1 4 1 210 34969 1
6 0 6 1 6 1 130000 12623809 1
6 0 6 2 2 2 14 121 -1
6 0 6 2 4 2 21 578 -1
6 0 6 2 6 2 1300 104329 -1
6 0 6 3 4 3 1323 34969 -1
6 0 6 3 6 3 600925 12623809 -1
6 0 6 4 4 4 2205 34969 1
6 0 6 4 6 4 20800 12623809 -1
6 0 6 5 6 5 8125 104329 1
6 0 6 6 6 6 1300 104329 -1
6 1 0 0 6 1 1 4 1
6 1 1 -1 5 0 63 572 -1
6 1 1 0 5 1 105 572 1
6 1 1 1 5 2 15 286 -1
6 1 2 -2 4 -1 175 6292 1
6 1 2 -2 6 -1 147 1210 -1
6 1 2 -1 4 0 875 6292 -1
6 1 2 -1 6 0 7 2420 -1
6 1 2 0 4 1 525 3146 1
6 1 2 0 6 1 169 2420 1
6 1 2 1 4 2 175 3146 -1
6 1 2 1 6 2 3 121 1
6 1 2 2 4 3 25 6292 1
6 1 2 2 6 3 12 121 -1
6 1 3 -3 3 -2 175 56628 -1
6 1 3 -3 5 -2 343 5148 1
6 1 3 -2 3 -1 875 18876 1
6 1 3 -2 5 -1 49 858 -1
6 1 3 -1 3 0 4375 28314 -1
6 1 3 -1 5 0 49 2574 -1
6 1 3 0 3 1 4375 28314 1
6 1 3 0 5 1 245 5148 1
6 1 3 1 3 2 875 18876 -1
6 1 3 1 5 2 35 1716 1
6 1 3 2 3 3 175 56628 1
6 1 3 2 5 3 112 1287 -1
6 1 3 3 5 4 7 429 1
6 1 4 -4 4 -3 21 1573 -1
6 1 4 -4 6 -3 3087 34969 1
6 1 4 -3 2 -2 25 6292 -1
6 1 4 -3 4 -2 39 484 1
6 1 4 -3 6 -2 343 69938 -1
6 1 4 -2 2 -1 175 3146 1
6 1 4 -2 4 -1 189 6292 -1
6 1 4 -2 6 -1 1960 34969 -1
6 1 4 -1 2 0 525 3146 -1
6 1 4 -1 4 0 105 3146 -1
6 1 4 -1 6 0 210 34969 -1
6 1 4 0 2 1 875 6292 1
6 1 4 0 4 1 105 3146 1
6 1 4 0 6 1 1024 34969 1
6 1 4 1 2 2 175 6292 -1
6 1 4 1 4 2 189 6292 1
6 1 4 1 6 2 2809 69938 1
6 1 4 2 4 3 39 484 -1
6 1 4 2 6 3 144 34969 -1
6 1 4 3 4 4 21 1573 1
6 1 4 3 6 4 2625 34969 -1
6 1 4 4 6 5 105 3179 1
6 1 5 -5 5 -4 105 3757 -1
6 1 5 -4 3 -3 7 429 -1
6 1 5 -4 5 -3 847 11271 1
6 1 5 -3 3 -2 112 1287 1
6 1 5 -3 5 -2 28 33813 1
6 1 5 -2 1 -1 15 286 1
6 1 5 -2 3 -1 35 1716 -1
6 1 5 -2 5 -1 512 11271 -1
6 1 5 -1 1 0 105 572 -1
6 1 5 -1 3 0 245 5148 -1
6 1 5 -1 5 0 560 33813 -1
6 1 5 0 1 1 63 572 1
6 1 5 0 3 1 49 2574 1
6 1 5 0 5 1 560 33813 1
6 1 5 1 3 2 49 858 1
6 1 5 1 5 2 512 11271 1
6 1 5 2 3 3 343 5148 -1
6 1 5 2 5 3 28 33813 -1
6 1 5 3 5 4 847 11271 -1
6 1 5 4 5 5 105 3757 1
6 1 6 -6 6 -5 4550 104329 -1
6 1 6 -5 4 -4 105 3179 -1
6 1 6 -5 6 -4 61425 1147619 1
6 1 6 -4 4 -3 2625 34969 1
6 1 6 -4 6 -3 284375 12623809 1
6 1 6 -3 2 -2 12 121 1
6 1 6 -3 4 -2 144 34969 1
6 1 6 -3 6 -2 122850 12623809 -1
6 1 6 -2 2 -1 3 121 -1
6 1 6 -2 4 -1 2809 69938 -1
6 1 6 -2 6 -1 546000 12623809 -1
6 1 6 -1 0 0 1 4 -1
6 1 6 -1 2 0 169 2420 -1
6 1 6 -1 4 0 1024 34969 -1
6 1 6 -1 6 0 130000 12623809 -1
6 1 6 0 2 1 7 2420 1
6 1 6 0 4 1 210 34969 1
6 1 6 0 6 1 130000 12623809 1
6 1 6 1 2 2 147 1210 1
6 1 6 1 4 2 1960 34969 1
6 1 6 1 6 2 546000 12623809 1
6 1 6 2 4 3 343 69938 1
6 1 6 2 6 3 122850 12623809 1
6 1 6 3 4 4 3087 34969 -1
6 1 6 3 6 4 284375 12623809 -1
6 1 6 4 6 5 61425 1147619 -1
6 1 6 5 6 6 4550 104329 1
6 2 0 0 6 2 1 4 1
6 2 1 -1 5 1 21 143 -1
6 2 1 0 5 2 24 143 1
6 2 1 1 5 3 9 286 -1
6 2 2 -2 4 0 175 3146 1
6 2 2 -2 6 0 14 121 -1
6 2 2 -1 4 1 280 1573 -1
6 2 2 -1 6 1 3 121 -1
6 2 2 0 4 2 210 1573 1
6 2 2 0 6 2 5 121 1
6 2 2 1 4 3 40 1573 -1
6 2 2 1 6 3 15 242 1
6 2 2 2 4 4 5 6292 1
6 2 2 2 6 4 9 121 -1
6 2 3 -3 3 -1 175 14157 -1
6 2 3 -3 5 -1 245 2574 1
6 2 3 -2 3 0 1400 14157 1
6 2 3 -2 5 0 49 2574 -1
6 2 3 -1 3 1 875 4719 -1
6 2 3 -1 5 1 49 858 -1
6 2 3 0 3 2 1400 14157 1
6 2 3 0 5 2 14 1287 1
6 2 3 1 3 3 175 14157 -1
6 2 3 1 5 3 343 5148 1
6 2 3 2 5 4 35 572 -1
6 2 3 3 5 5 7 1716 1
6 2 4 -4 2 -2 5 6292 1
6 2 4 -4 4 -2 60 1573 -1
6 2 4 -4 6 -2 3430 34969 1
6 2 4 -3 2 -1 40 1573 -1
6 2 4 -3 4 -1 135 1573 1
6 2 4 -3 6 -1 343 69938 1
6 2 4 -2 2 0 210 1573 1
6 2 4 -2 6 0 21 578 -1
6 2 4 -1 2 1 280 1573 -1
6 2 4 -1 4 1 105 1573 -1
6 2 4 -1 6 1 2809 69938 -1
6 2 4 0 2 2 175 3146 1
6 2 4 0 6 2 1 1156 1
6 2 4 1 4 3 135 1573 1
6 2 4 1 6 3 7605 139876 1
6 2 4 2 4 4 60 1573 -1
6 2 4 2 6 4 1587 139876 1
6 2 4 3 6 5 1029 12716 -1
6 2 4 4 6 6 63 6358 1
6 2 5 -5 3 -3 7 1716 1
6 2 5 -5 5 -3 700 11271 -1
6 2 5 -4 3 -2 35 572 -1
6 2 5 -4 5 -2 140 3757 1
6 2 5 -3 1 -1 9 286 -1
6 2 5 -3 3 -1 343 5148 1
6 2 5 -3 5 -1 1210 33813 1
6 2 5 -2 1 0 24 143 1
6 2 5 -2 3 0 14 1287 1
6 2 5 -2 5 0 200 33813 -1
6 2 5 -1 1 1 21 143 -1
6 2 5 -1 3 1 49 858 -1
6 2 5 -1 5 1 560 11271 -1
6 2 5 0 3 2 49 2574 -1
6 2 5 0 5 2 200 33813 -1
6 2 5 1 3 3 245 2574 1
6 2 5 1 5 3 1210 33813 1
6 2 5 2 5 4 140 3757 1
6 2 5 3 5 5 700 11271 -1
6 2 6 -6 4 -4 63 6358 1
6 2 6 -6 6 -4 91000 1147619 -1
6 2 6 -5 4 -3 1029 12716 -1
6 2 6 -5 6 -3 9100 1147619 1
6 2 6 -4 2 -2 9 121 -1
6 2 6 -4 4 -2 1587 139876 1
6 2 6 -4 6 -2 655200 12623809 1
6 2 6 -3 2 -1 15 242 1
6 2 6 -3 4 -1 7605 139876 1
6 2 6 -3 6 -1 122850 12623809 1
6 2 6 -2 0 0 1 4 1
6 2 6 -2 2 0 5 121 1
6 2 6 -2 4 0 1 1156 1
6 2 6 -2 6 0 1300 104329 -1
6 2 6 -1 2 1 3 121 -1
6 2 6 -1 4 1 2809 69938 -1
6 2 6 -1 6 1 546000 12623809 -1
6 2 6 0 2 2 14 121 -1
6 2 6 0 4 2 21 578 -1
6 2 6 0 6 2 1300 104329 -1
6 2 6 1 4 3 343 69938 1
6 2 6 1 6 3 122850 12623809 1
6 2 6 2 4 4 3430 34969 1
6 2 6 2 6 4 655200 12623809 1
6 2 6 3 6 5 9100 1147619 1
6 2 6 4 6 6 91000 1147619 -1
6 3 0 0 6 3 1 4 1
6 3 1 -1 5 2 27 143 -1
6 3 1 0 5 3 81 572 1
6 3 1 1 5 4 9 572 -1
6 3 2 -2 4 1 315 3146 1
6 3 2 -2 6 1 12 121 -1
6 3 2 -1 4 2 315 1573 -1
6 3 2 -1 6 2 15 242 -1
6 3 2 0 4 3 135 1573 1
6 3 2 0 6 3 5 484 1
6 3 2 1 4 4 45 6292 -1
6 3 2 1 6 4 49 484 1
6 3 2 2 6 5 1 22 -1
6 3 3 -3 3 0 175 4719 -1
6 3 3 -3 5 0 49 429 1
6 3 3 -2 3 1 525 3146 1
6 3 3 -1 3 2 525 3146 -1
6 3 3 -1 5 2 21 286 -1
6 3 3 0 3 3 175 4719 1
6 3 3 0 5 3 7 1716 -1
6 3 3 1 5 4 14 143 1
6 3 3 2 5 5 7 286 -1
6 3 4 -4 2 -1 45 6292 1
6 3 4 -4 4 -1 120 1573 -1
6 3 4 -4 6 -1 3087 34969 1
6 3 4 -3 2 0 135 1573 -1
6 3 4 -3 4 0 75 1573 1
6 3 4 -3 6 0 1323 34969 1
6 3 4 -2 2 1 315 1573 1
6 3 4 -2 4 1 105 3146 1
6 3 4 -2 6 1 144 34969 -1
6 3 4 -1 2 2 315 3146 -1
6 3 4 -1 4 2 105 3146 -1
6 3 4 -1 6 2 7605 139876 -1
6 3 4 0 4 3 75 1573 -1
6 3 4 0 6 3 729 34969 -1
6 3 4 1 4 4 120 1573 1
6 3 4 1 6 4 1323 69938 1
6 3 4 2 6 5 216 3179 1
6 3 4 3 6 6 567 12716 -1
6 3 5 -5 3 -2 7 286 1
6 3 5 -5 5 -2 350 3757 -1
6 3 5 -4 1 -1 9 572 1
6 3 5 -4 3 -1 14 143 -1
6 3 5 -4 5 -1 5 3757 1
6 3 5 -3 1 0 81 572 -1
6 3 5 -3 3 0 7 1716 1
6 3 5 -3 5 0 625 11271 1
6 3 5 -2 1 1 27 143 1
6 3 5 -2 3 1 21 286 1
6 3 5 -2 5 1 60 3757 1
6 3 5 -1 5 2 60 3757 -1
6 3 5 0 3 3 49 429 -1
6 3 5 0 5 3 625 11271 -1
6 3 5 1 5 4 5 3757 -1
6 3 5 2 5 5 350 3757 1
6 3 6 -6 4 -3 567 12716 1
6 3 6 -6 6 -3 109200 1147619 -1
6 3 6 -5 2 -2 1 22 1
6 3 6 -5 4 -2 216 3179 -1
6 3 6 -5 6 -2 9100 1147619 -1
6 3 6 -4 2 -1 49 484 -1
6 3 6 -4 4 -1 1323 69938 -1
6 3 6 -4 6 -1 284375 12623809 1
6 3 6 -3 0 0 1 4 -1
6 3 6 -3 2 0 5 484 -1
6 3 6 -3 4 0 729 34969 1
6 3 6 -3 6 0 600925 12623809 1
6 3 6 -2 2 1 15 242 1
6 3 6 -2 4 1 7605 139876 1
6 3 6 -2 6 1 122850 12623809 1
6 3 6 -1 2 2 12 121 1
6 3 6 -1 4 2 144 34969 1
6 3 6 -1 6 2 122850 12623809 -1
6 3 6 0 4 3 1323 34969 -1
6 3 6 0 6 3 600925 12623809 -1
6 3 6 1 4 4 3087 34969 -1
6 3 6 1 6 4 284375 12623809 -1
6 3 6 2 6 5 9100 1147619 1
6 3 6 3 6 6 109200 1147619 1
6 4 0 0 6 4 1 4 1
6 4 1 -1 5 3 135 572 -1
6 4 1 0 5 4 15 143 1
6 4 1 1 5 5 3 572 -1
6 4 2 -2 4 2 525 3146 1
6 4 2 -2 6 2 9 121 -1
6 4 2 -1 4 3 300 1573 -1
6 4 2 -1 6 3 49 484 -1
6 4 2 0 4 4 225 6292 1
6 4 2 0 6 4 1 605 -1
6 4 2 1 6 5 27 220 1
6 4 2 2 6 6 1 55 -1
6 4 3 -3 3 1 875 9438 -1
6 4 3 -3 5 1 49 429 1
6 4 3 -2 3 2 350 1573 1
6 4 3 -2 5 2 7 286 1
6 4 3 -1 3 3 875 9438 -1
6 4 3 -1 5 3 35 858 -1
6 4 3 0 5 4 35 572 -1
6 4 3 1 5 5 21 286 1
6 4 4 -4 2 0 225 6292 1
6 4 4 -4 4 0 180 1573 -1
6 4 4 -4 6 0 2205 34969 1
6 4 4 -3 2 1 300 1573 -1
6 4 4 -3 4 1 9 3146 1
6 4 4 -3 6 1 2625 34969 1
6 4 4 -2 2 2 525 3146 1
6 4 4 -2 4 2 126 1573 1
6 4 4 -2 6 2 1587 139876 1
6 4 4 -1 4 3 9 3146 1
6 4 4 -1 6 3 1323 69938 -1
6 4 4 0 4 4 180 1573 -1
6 4 4 0 6 4 2304 34969 -1
6 4 4 1 6 5 45 6358 -1
6 4 4 2 6 6 1215 12716 1
6 4 5 -5 1 -1 3 572 -1
6 4 5 -5 3 -1 21 286 1
6 4 5 -5 5 -1 375 3757 -1
6 4 5 -4 1 0 15 143 1
6 4 5 -4 3 0 35 572 -1
6 4 5 -4 5 0 80 3757 -1
6 4 5 -3 1 1 135 572 -1
6 4 5 -3 3 1 35 858 -1
6 4 5 -3 5 1 13 867 1
6 4 5 -2 3 2 7 286 1
6 4 5 -2 5 2 224 3757 1
6 4 5 -1 3 3 49 429 1
6 4 5 -1 5 3 13 867 1
6 4 5 0 5 4 80 3757 -1
6 4 5 1 5 5 375 3757 -1
6 4 6 -6 2 -2 1 55 -1
6 4 6 -6 4 -2 1215 12716 1
6 4 6 -6 6 -2 91000 1147619 -1
6 4 6 -5 2 -1 27 220 1
6 4 6 -5 4 -1 45 6358 -1
6 4 6 -5 6 -1 61425 1147619 -1
6 4 6 -4 0 0 1 4 1
6 4 6 -4 2 0 1 605 -1
6 4 6 -4 4 0 2304 34969 -1
6 4 6 -4 6 0 20800 12623809 -1
6 4 6 -3 2 1 49 484 -1
6 4 6 -3 4 1 1323 69938 -1
6 4 6 -3 6 1 284375 12623809 1
6 4 6 -2 2 2 9 121 -1
6 4 6 -2 4 2 1587 139876 1
6 4 6 -2 6 2 655200 12623809 1
6 4 6 -1 4 3 2625 34969 1
6 4 6 -1 6 3 284375 12623809 1
6 4 6 0 4 4 2205 34969 1
6 4 6 0 6 4 20800 12623809 -1
6 4 6 1 6 5 61425 1147619 -1
6 4 6 2 6 6 91000 1147619 -1
6 5 0 0 6 5 1 4 1
6 5 1 -1 5 4 15 52 -1
6 5 1 0 5 5 3 52 1
6 5 2 -2 4 3 75 286 1
6 5 2 -2 6 3 1 22 -1
6 5 2 -1 4 4 75 572 -1
6 5 2 -1 6 4 27 220 -1
6 5 2 0 6 5 1 20 -1
6 5 2 1 6 6 1 10 1
6 5 3 -3 3 2 175 858 -1
6 5 3 -3 5 2 7 78 1
6 5 3 -2 3 3 175 858 1
6 5 3 -2 5 3 7 78 1
6 5 3 0 5 5 7 52 -1
6 5 4 -4 2 1 75 572 1
6 5 4 -4 4 1 18 143 -1
6 5 4 -4 6 1 105 3179 1
6 5 4 -3 2 2 75 286 -1
6 5 4 -3 4 2 9 286 -1
6 5 4 -3 6 2 1029 12716 1
6 5 4 -2 4 3 9 286 1
6 5 4 -2 6 3 216 3179 1
6 5 4 -1 4 4 18 143 1
6 5 4 -1 6 4 45 6358 1
6 5 4 0 6 5 9 289 -1
6 5 4 1 6 6 135 1156 -1
6 5 5 -5 1 0 3 52 -1
6 5 5 -5 3 0 7 52 1
6 5 5 -5 5 0 275 3757 -1
6 5 5 -4 1 1 15 52 1
6 5 5 -4 5 1 297 3757 -1
6 5 5 -3 3 2 7 78 -1
6 5 5 -3 5 2 154 11271 -1
6 5 5 -2 3 3 7 78 -1
6 5 5 -2 5 3 154 11271 1
6 5 5 -1 5 4 297 3757 1
6 5 5 0 5 5 275 3757 1
6 5 6 -6 2 -1 1 10 -1
6 5 6 -6 4 -1 135 1156 1
6 5 6 -6 6 -1 4550 104329 -1
6 5 6 -5 0 0 1 4 -1
6 5 6 -5 2 0 1 20 1
6 5 6 -5 4 0 9 289 1
6 5 6 -5 6 0 8125 104329 -1
6 5 6 -4 2 1 27 220 1
6 5 6 -4 4 1 45 6358 -1
6 5 6 -4 6 1 61425 1147619 -1
6 5 6 -3 2 2 1 22 1
6 5 6 -3 4 2 216 3179 -1
6 5 6 -3 6 2 9100 1147619 -1
6 5 6 -2 4 3 1029 12716 -1
6 5 6 -2 6 3 9100 1147619 1
6 5 6 -1 4 4 105 3179 -1
6 5 6 -1 6 4 61425 1147619 1
6 5 6 0 6 5 8125 104329 1
6 5 6 1 6 6 4550 104329 1
6 6 0 0 6 6 1 4 1
6 6 1 -1 5 5 9 26 -1
6 6 2 -2 4 4 225 572 1
6 6 2 -2 6 4 1 55 -1
6 6 2 -1 6 5 1 10 -1
6 6 2 0 6 6 1 5 -1
6 6 3 -3 3 3 175 429 -1
6 6 3 -3 5 3 7 156 1
6 6 3 -2 5 4 7 52 1
6 6 3 -1 5 5 7 52 1
6 6 4 -4 2 2 225 572 1
6 6 4 -4 4 2 12 143 -1
6 6 4 -4 6 2 63 6358 1
6 6 4 -3 4 3 21 143 -1
6 6 4 -3 6 3 567 12716 1
6 6 4 -2 4 4 12 143 -1
6 6 4 -2 6 4 1215 12716 1
6 6 4 -1 6 5 135 1156 1
6 6 4 0 6 6 81 1156 1
6 6 5 -5 1 1 9 26 -1
6 6 5 -5 3 1 7 52 1
6 6 5 -5 5 1 110 3757 -1
6 6 5 -4 3 2 7 52 1
6 6 5 -4 5 2 308 3757 -1
6 6 5 -3 3 3 7 156 1
6 6 5 -3 5 3 1232 11271 -1
6 6 5 -2 5 4 308 3757 -1
6 6 5 -1 5 5 110 3757 -1
6 6 6 -6 0 0 1 4 1
6 6 6 -6 2 0 1 5 -1
6 6 6 -6 4 0 81 1156 1
6 6 6 -6 6 0 1300 104329 -1
6 6 6 -5 2 1 1 10 -1
6 6 6 -5 4 1 135 1156 1
6 6 6 -5 6 1 4550 104329 -1
6 6 6 -4 2 2 1 55 -1
6 6 6 -4 4 2 1215 12716 1
6 6 6 -4 6 2 91000 1147619 -1
6 6 6 -3 4 3 567 12716 1
6 6 6 -3 6 3 109200 1147619 -1
6 6 6 -2 4 4 63 6358 1
6 6 6 -2 6 4 91000 1147619 -1
6 6 6 -1 6 5 4550 104329 -1
6 6 6 0 6 6 1300 104329 -1
